49563 21356
34048 55076
26333 53012
69316 36209
36658 18550
7641 47328
56636 3502
31768 31815
10126 19601
48159 92972
47214 34042
84388 11123
51926 88412
68416 2470
21159 31502
69210 66966
38394 87074
40086 3258
55819 64727
99629 25754
89435 8830
12332 7270
39086 46071
82024 60453
69777 65564
99606 30183
57658 33343
21756 346
19168 9585
57439 6524
89842 40327
43753 26650
46260 28236
9315 83839
25945 2080
10910 8944
16215 15380
77804 39594
16399 71653
37217 59828
90012 86177
19520 53175
53521 47670
73607 57628
80504 72689
29368 31047
57697 70346
98582 73121
73312 3957
6037 7897
33194 99257
30990 33299
89246 49409
21062 8794
84974 21997
24526 74631
27806 74986
39009 60399
18027 97679
70368 12616
60015 98532
85230 99736
89209 17712
21670 83813
8062 62521
78130 44059
93711 41256
7017 9120
34266 99309
21306 44431
19062 19241
10579 45833
6232 63220
60899 65940
78557 40611
55495 47619
63707 54924
72637 40726
40891 52916
15437 10659
54718 48953
6562 9920
35392 64781
64090 13579
58011 69659
5252 1749
63934 93425
56646 32183
98124 70166
27129 33897
81517 93033
47957 82625
23351 45224
14493 20594
47605 64242
29547 46282
56202 2324
83457 36109
66041 91595
77606 63900
82001 24052
33829 82858
15041 45935
32453 6827
40725 29517
22550 59582
42207 38594
170 70508
7454 81910
62504 14663
60946 55060
73736 92052
44513 33500
25095 73545
37445 10554
50958 2701
1911 19446
81733 84788
91615 33305
62822 14186
73769 32340
87286 1725
72233 32328
30591 87457
2120 96039
67451 93095
1499 79418
12919 41187
14733 46013
72919 54366
73420 68530
4329 23878
25018 75331
24988 86062
249 16633
65326 4163
5888 90370
39050 52612
40069 94473
90512 85993
95441 58542
37960 74316
15503 96940
59305 50879
5246 46588
31471 48577
72455 78666
70349 35800
21862 97473
30458 95338
15853 38463
45185 95784
64749 21741
16214 84236
86581 4818
63360 23078
97394 82022
78963 17673
68552 29250
92190 54620
3197 90150
85168 23661
75813 92004
5829 55518
67208 14028
52491 36288
48424 83061
4802 14029
98265 13173
34344 37368
76798 84846
83221 97704
15377 90545
36147 78536
33156 282
90432 28337
68351 52706
61062 91953
47471 44164
58192 66892
19532 31031
14092 27036
41065 67956
97482 35246
88966 55682
56880 31826
45882 65764
72661 40101
18637 77612
77894 8808
37146 68146
37204 84678
76631 21849
66013 98266
81510 40454
71485 40558
83946 17394
85351 85577
37175 25011
97045 82833
31011 26141
8258 53925
10379 76893
54505 80919
89728 29016
13514 48751
33430 26874
48723 50718
65337 26413
66868 31088
87998 46847
64242 54705
40283 71944
96955 65945
65130 93810
19952 10352
64278 96141
89386 28210
9129 74657
20025 43892
92643 98857
42083 33540
610 42425
85191 7158
54599 65947
12795 52059
6764 42597
14542 93389
75686 63399
57210 27849
38202 40816
53309 93514
21724 18832
93489 42695
2939 47205
62415 29866
79758 11935
70712 4498
28009 80369
46316 55903
24314 82608
25205 75463
85204 47431
27182 56099
83949 60890
18058 744
94258 38503
57335 87719
30415 32334
79540 67176
97042 49706
77993 41955
62805 93153
73522 48706
20961 90814
89774 36190
11654 45276
9059 31332
87431 96858
74101 36241
36986 87732
26235 92159
79879 31244
63579 99922
67098 26646
92704 59471
1426 80493
73646 70698
35756 80583
71398 63520
99710 56717
18345 77524
8856 11364
24575 27404
63646 12640
16724 15028
23539 632
48228 59312
59234 19770
62768 11807
71278 42685
23178 55473
42523 89056
69640 13176
76696 78279
51348 57390
34914 76406
4123 69694
97098 60123
72763 45050
60078 77096
77728 89487
48799 83617
3388 42309
54116 24386
67071 66156
37981 41747
47155 6601
36129 80504
75135 16795
90537 12825
5583 42836
28882 41804
1927 9706
71108 42332
19429 91042
80529 31186
31156 13509
55818 45681
86419 34544
17052 26287
84386 69842
76443 71386
68242 31541
64689 28924
41749 59730
2566 55226
97030 63684
89743 31448
73780 15309
6351 60851
92038 9561
39423 3233
48914 23194
74090 95241
21528 51685
21527 7494
78880 5914
53808 14322
43246 47123
6853 18497
73723 1347
65031 25771
73571 87106
2415 54774
15626 63703
73265 8767
12000 24016
63562 12688
24281 77266
45303 37652
45146 62162
84428 66830
81152 40379
3854 38236
56733 24398
25745 27059
52830 46809
50267 7128
61903 26401
90104 69034
77801 93881
34249 79721
8761 6153
99771 97811
51815 33043
95205 61426
28256 13313
53692 79633
17870 25760
66510 57546
84605 90955
37764 8607
15736 53787
96540 4383
73418 93991
4224 86645
82718 67571
90077 38473
52636 91480
24523 89848
51275 4451
17764 19728
15713 95883
21644 87809
61707 33583
24539 4506
13114 62665
32804 78655
99391 28850
39193 29345
15990 72809
40380 43417
98242 15060
6540 30457
36658 50878
71681 31063
67143 4285
168 5797
9958 82857
32792 38164
42671 71666
50683 73683
52339 72137
17339 83487
12832 68082
40891 56532
16301 45174
60235 97623
28081 30895
98125 66775
14191 81091
85376 69806
91955 81334
80543 1896
56413 1914
73580 13336
87019 15436
87573 40615
24102 55710
23792 4912
77796 53287
98461 64683
62307 10449
41344 75048
58176 6740
87831 39469
25627 72367
70053 89559
7807 17582
19496 50597
80285 64220
96008 9428
50043 67304
23015 83581
4845 90498
43785 63159
27843 98993
9442 58598
33647 6502
29594 67138
6607 8175
80542 33777
23336 48586
66169 66947
33896 31143
11716 85665
11446 14181
81486 7724
7658 61489
68339 20853
84012 12503
11497 28476
87075 28207
51061 37291
4430 37074
45249 80655
30784 27389
75976 42143
25442 70472
1616 42145
44162 59339
89872 29684
53760 71960
49802 71358
8563 61418
90274 18141
46618 92576
37135 1771
55414 50045
87119 88197
85204 59844
87234 48720
7215 15989
86461 79562
21707 49009
24700 4429
50465 82221
54182 14573
2283 4226
65644 3984
22125 10847
3423 55918
74041 85095
35140 56910
45107 29456
5652 38611
3683 30312
62653 9238
88800 27250
76260 65466
69896 26859
9081 960
15533 36713
40939 79615
83599 17817
45016 6584
78854 22076
23524 64791
21701 69248
15056 58664
13628 66809
13473 20708
46299 17311
60914 92478
57944 35099
78311 37174
54486 44192
80906 3744
83359 86372
4189 21845
44781 83310
21738 65557
30348 39988
9236 45262
20279 52049
35210 40644
77704 50259
83922 65035
57513 24003
75455 44836
98362 31810
76002 53766
57510 52849
39221 73260
11458 57221
40531 59762
25319 72591
12579 62269
23884 72019
24068 38167
78811 60515
10774 75631
40666 56516
96871 94696
55885 14532
62694 72326
42444 54247
7096 38696
28309 99954
73527 46317
22431 39767
12358 14058
92680 47750
19769 41290
79457 32916
93431 60190
52173 74621
31137 20557
15253 92839
23723 28008
16687 87490
41738 86417
41466 59131
75438 48834
11504 69775
25894 48965
79376 50287
98038 38252
79542 72056
21324 34159
10701 75352
49973 14755
35312 62874
72066 97462
25470 66917
70760 12141
98559 58509
33993 12498
77684 56377
26152 9431
74748 89188
39476 68398
6650 54124
42532 53866
4377 2545
77897 63856
94963 31431
94305 27870
25332 46627
29897 82723
94865 67154
42016 657
13155 93424
66153 76009
85440 90839
96380 8657
77055 60188
30665 52208
22426 83705
2602 73197
37054 43155
74586 96851
24721 48369
94997 85244
67967 66405
49912 24894
25551 62832
72608 91928
84289 55058
62249 38761
47418 69729
46269 58629
27189 24473
24531 93286
66484 49615
9123 27133
23985 19890
68259 83709
68953 65058
47816 79608
4502 36921
16105 14080
6008 46405
1463 88714
43827 6649
76378 63713
38694 91246
15719 38999
32286 82236
31851 56602
88 15122
35012 57326
41036 24073
5483 19623
15584 26341
79614 53299
83731 20086
82844 95720
786 6091
12740 659
80724 44613
52211 89118
44470 35771
18007 67931
40885 93108
8230 66210
23537 40973
81398 59594
95569 80925
7266 86882
56533 11153
47592 3233
15305 40265
46356 46788
47447 16091
77056 59097
64567 44524
80295 29268
13551 25389
18497 98302
64512 54436
11762 43079
19025 88049
68974 93160
80042 14595
42100 92593
95826 52928
93193 6044
52832 11131
43574 39549
14998 16632
61156 36982
66250 79566
4955 41451
56105 96153
66942 39805
82884 20617
25019 78704
71864 18262
49209 93993
2938 68259
21187 91309
13706 98764
26247 14380
70281 82890
99522 69821
6804 85280
81198 77030
18481 89406
1912 2505
58662 74586
11556 68854
63910 57899
76161 36575
46920 52126
20385 25370
33031 49859
64975 57924
88656 63089
45980 91223
77396 75290
76922 45502
22533 552
6311 58120
76977 57366
48305 8223
93429 35640
93539 59861
12788 73691
25817 86052
11422 76060
25919 62555
20479 60805
23895 7247
98470 25488
778 69875
31729 92218
92771 77700
52172 54262
27981 15434
23657 29149
81141 76286
52499 33438
7129 91032
77084 81639
57699 49298
11853 88506
65664 83619
90866 48685
74173 89559
59434 5688
97906 91303
69003 91163
61778 7029
38815 37527
83028 89759
82397 62472
12262 64170
55202 34896
32887 35743
85042 32287
37145 90586
90557 96895
61932 2809
8720 97775
19815 52457
43760 84506
75670 34074
41103 29115
66642 53800
59911 79919
58743 49671
30193 42308
93556 87358
23101 85395
34034 26443
33381 8143
21391 87532
90341 23939
21714 99675
52133 99062
83568 41530
75604 12245
41361 75590
45742 33059
29330 24355
74026 5653
64313 4426
91784 20571
5967 57869
664 31237
55733 56353
43885 34046
57985 93476
93151 50579
49641 96051
53933 45284
73882 49561
41504 45889
95301 15243
39598 87246
9252 24631
45409 29977
66900 73565
47787 53545
1135 89219
45573 48451
82497 56868
50344 89458
56389 56834
69238 43495
5132 22382
71944 39523
85413 79014
10609 29800
33398 97066
38049 66559
12888 42650
32568 83459
53356 79789
69008 80355
28806 54491
11359 30933
36744 27656
842 78055
21551 93133
15516 86432
25956 43035
38401 3812
33612 27721
24787 65362
31921 67010
26013 62836
62647 44810
40951 58581
38936 16004
70495 9959
40893 84094
11750 98207
76262 77637
87122 28945
15377 14165
73552 2638
6450 41333
85406 28305
93667 56414
39777 10193
89382 25589
86751 65790
40723 52029
84385 27702
54013 96011
80105 71233
85792 11258
5247 8208
53505 62054
92572 92370
95008 68882
26568 66124
94430 17811
74225 11974
38520 4449
30038 14002
96144 27902
96283 16789
60843 53219
49230 80669
68254 14857
42467 45688
70248 54046
16100 47715
40085 23753
8987 25024
7501 51445
69256 35555
47530 18283
22732 59834
73836 86050
30304 52771
85912 86333
39552 26587
23608 63108
94317 88783
50823 91862
45908 36784
84499 37423
61176 78361
3385 24584
92382 86515
22071 27238
45521 61638
21472 85953
88355 68254
37377 11661
97994 18659
61598 23289
2749 37546
42681 85207
93421 97066
33851 9856
47279 39330
34043 18350
59287 24807
11323 53780
81019 51669
29659 33394
35699 26540
11146 51132
79145 40406
75417 48523
88165 77139
31037 37015
38574 90914
4333 90071
16279 31996
87678 38184
56534 63559
88366 21721
91853 32173
194 99689
49435 72872
15765 29854
97338 1486
41892 26911
91787 76483
69974 17309
54325 96304
3570 17363
23786 9251
41247 7903
46087 40066
3625 28925
66998 18974
67499 8343
24385 58852
48076 67694
13900 73820
75307 63841
7105 11238
4073 17199
50861 15244
11548 90399
7762 5186
14437 31470
39374 31549
71615 72037
17314 1813
37139 91592
99935 84313
59517 20991
88685 24320
14493 7593
87787 2585
30175 6152
23351 94892
10136 34248
40999 90564
95750 38036
85858 48761
96662 26540
14929 41584
43398 84629
76221 32243
16556 96889
17880 92509
33181 92425
19 22917
41854 47674
53826 87806
99050 72029
22629 93530
84094 25538
63574 63628
28742 96197
39089 65784
7369 41756
26386 54018
86261 67119
64008 18959
27820 19170
11595 98241
37510 61002
8676 27966
15772 79365
67746 78855
88737 14822
56712 6728
86708 89183
85380 36638
2423 15450
73559 40821
94839 9792
76911 99945
35256 81101
16623 40919
55512 63077
24079 28218
56185 93023
72388 49107
27962 88309
19484 56486
63214 33051
22235 76196
12835 49923
81725 7615
48437 15258
25050 55284
71581 59628
57081 18313
75584 6838
69915 73704
18275 31097
40472 10346
59453 90812
79121 12860
85698 3768
36819 14957
7506 48913
15188 75406
99374 20341
51951 96913
68550 64163
23791 93353
11666 40131
63321 80873
70929 87250
34699 49588
59934 89204
80016 75171
4383 19388
39508 75490
90447 90082
55347 92679
68086 14305
34646 70535
83800 67460
31623 2949
96302 52350
8834 55414
----
52639 24320
11571 88507
38096 23569
12773 62622
37794 98030
33770 9142
984 42177
32259 73278
82310 7783
22089 3958
74493 50396
17856 56735
76037 74646
26996 49479
21245 72339
96660 52182
40690 73885
13806 24583
87205 95138
93168 42931
52073 24999
83529 43291
32921 53057
77193 32140
36099 15231
65627 99282
72369 10592
85238 99835
65666 48406
20746 28587
97121 86912
77149 33758
58341 54163
49301 7307
50238 61898
86898 58822
2113 18664
88073 86779
18919 51386
66618 65266
64548 55018
81963 32245
48433 36918
85324 83553
28492 14099
17363 22422
56180 25614
96129 94512
18171 30873
92772 61783
36957 68410
87074 96022
82801 55422
6808 75147
40414 1720
56739 73426
22024 21314
58232 55054
38607 70457
84556 59909
82331 83452
25418 18272
29136 54864
85737 21547
99682 47308
15718 78509
74531 36639
92061 19144
94291 57332
75405 98870
88648 51057
72372 48496
3550 10672
97481 46956
6865 58509
41961 98390
16662 5549
60413 67379
5279 45798
93106 46150
41012 4961
57953 25176
44320 31895
5580 50014
65236 54964
22373 80985
29481 53885
80909 11097
58054 33031
7892 78391
93133 81271
86820 49854
33585 9795
55593 47233
9736 38864
60178 65052
90228 50748
82643 18131
84497 50901
5865 88223
69208 66086
36323 44590
55688 15041
48072 33584
11975 13742
95013 72317
22171 5108
31255 81834
45419 72108
10973 86849
68253 55155
5903 87503
21986 74833
25734 4899
9474 6483
88921 47951
92542 78683
10076 25244
58829 48230
78324 74501
46818 87156
8617 73337
71523 68989
41097 39872
43073 16943
72098 68422
72277 11326
2512 94354
15605 94263
17099 28246
76198 25079
20114 6020
47617 85092
33322 30191
4692 22798
9954 11646
1335 51510
36851 34923
74796 72859
6154 77948
62723 34221
61900 94604
5310 35000
29264 64412
92658 20915
45995 62715
68735 85208
86652 66109
96300 16352
39150 19974
47972 17344
68854 65457
380 65660
54871 5705
6 91528
42102 61025
55629 79081
14081 4002
84766 60940
98207 59697
22412 93776
78985 44202
26664 7500
23852 65637
1964 39316
56661 79355
61164 66288
31948 25515
47573 77896
69425 86819
64196 47579
26660 11527
31881 36178
13470 57093
16791 16647
10423 11677
55880 55555
63055 5760
87750 98896
38212 3260
98967 89714
72354 94873
36741 60131
38027 4303
7474 84314
48245 7452
35331 71671
7849 91257
48350 67212
211 21319
49348 81493
37049 10635
16395 5228
20476 16456
19716 4145
10211 58689
53562 18683
78814 82566
3221 90303
90969 33194
56998 10695
98718 55566
46823 92330
75894 6567
44238 11526
93019 76106
3093 93587
15167 46420
79229 19488
39986 35644
10685 98945
33981 50197
49115 64247
70903 12795
62341 52336
63032 78224
33791 19340
11670 61750
84670 80614
8492 3916
80022 45260
55199 1512
64284 83115
18956 86719
38715 43513
58811 58942
25491 49400
29999 92792
21939 74607
43295 17254
95479 84281
3621 22679
84430 45622
42588 31643
35559 85452
47064 51081
68945 31934
31401 2264
88983 33229
93095 66709
42003 44050
93450 68258
61050 67495
58454 23449
57056 82989
83622 18101
40781 52535
14509 3595
35238 41563
27015 57097
8178 87150
19084 90431
92695 77123
26705 66837
33547 98030
42080 19800
88058 75550
59397 35530
75332 65460
64801 34203
52305 32388
1275 48424
52019 93086
34649 15784
72881 3610
90760 78016
68447 97412
74535 26196
9385 77495
75525 1240
37392 42932
34835 33958
85840 41802
7262 94232
28436 61172
9912 72064
36840 80741
90179 27539
43323 5211
8821 24828
19196 32557
29969 15933
58481 87643
81490 20856
22097 67867
27151 57016
90974 59489
1292 61986
72571 93166
54339 24906
13322 1007
98100 80603
8143 50162
71726 4631
29459 67818
16727 96899
29185 65007
69002 63048
83905 87666
55533 50493
23861 6002
81843 82685
61023 31187
24353 99487
24394 33594
50953 95044
75648 37716
4231 65405
70036 143
84313 92309
89208 15847
80854 17393
80441 18393
6060 66209
16702 64346
86700 77945
76982 40563
71750 84896
84383 38006
87952 12455
7500 25129
79198 55258
20663 83148
99643 99781
92090 7052
22899 83956
1349 97650
16044 20106
86315 98143
78841 38456
32753 19369
76284 65542
66790 26088
80446 48034
76841 67525
92655 68398
23656 84341
67489 88205
87986 60672
67724 83484
83793 80076
77726 6975
27081 85142
99637 10122
64930 29748
65469 78479
44021 14036
40124 41753
6139 27163
94688 20570
88968 82981
67322 3695
91900 28977
89649 51164
34648 79886
76314 73725
80700 18441
19936 70393
96867 7782
53882 19573
98052 61798
75834 19352
61105 58425
85588 15958
36528 67245
66578 96629
324 41848
70825 33900
85064 92225
88463 76826
50551 36065
54506 64778
51523 31252
55386 74442
10368 48390
10188 25620
44972 8420
83198 2374
34684 22430
6027 85138
81767 87564
29413 72605
22857 82092
90669 16590
9769 24274
60339 95484
60262 60320
7924 14845
5640 28137
76528 79662
5283 32360
57132 3068
5443 66607
5389 40330
25469 56479
44044 27768
16725 23588
22032 89809
6399 39583
63857 12701
8186 32520
9193 40548
71745 84800
12938 17117
13132 93737
26097 5818
8886 34767
1374 83230
39912 30681
87161 23116
50884 81733
5322 31205
21014 83962
23545 27354
56408 43765
92638 3754
44302 80946
82098 1831
35300 16047
9785 11388
17206 48432
83199 52234
35464 42445
73126 926
40394 75377
73462 60287
7844 91278
91592 78784
6139 45210
5328 15137
35243 78899
59845 97966
16149 95897
28297 41943
53332 51449
16234 54434
6668 70538
12983 15785
33063 58485
50214 2462
79101 73457
81088 23676
2461 86946
48508 72680
4170 24952
3851 53836
68154 39413
51663 80048
21991 84303
35753 79960
34394 91675
78566 68339
84124 41062
99547 7901
10363 17188
6997 66113
89790 89465
92763 88085
77118 92251
33555 41271
11460 81288
37053 37406
33806 79614
63918 88716
85028 55797
47473 16023
84362 19422
76837 42391
50292 68486
2026 92736
58850 60656
50121 9024
13461 48640
57243 59236
507 90579
88219 90798
44556 11967
7934 41625
30341 78362
50511 71852
87875 31722
67496 14336
56727 72237
57075 60685
53422 7020
67676 75454
84478 28624
93616 34149
9737 14291
21223 67211
74361 10244
38564 9442
51067 18917
13631 46498
34702 97761
45835 80494
94831 22577
11166 13331
74017 67910
91282 84593
60047 43791
88767 75310
9459 60877
75169 82383
65946 19196
45793 12744
22186 40307
75576 709
47207 89606
3719 5559
86053 98261
20838 49554
62885 97236
65147 48356
49301 53254
97045 56429
31740 9349
86578 2164
84547 57551
93100 78099
90843 66845
7152 55245
55954 13030
18988 99080
4639 19513
17774 22707
88613 90693
4281 54964
19672 51498
21105 69428
42210 68973
78322 34502
36667 90302
64205 64901
59352 37566
4412 73657
28902 50196
79578 27916
26997 1208
20721 98566
37625 31636
22329 54847
9811 26238
94088 26611
12391 45835
14809 31545
66048 70953
77607 9483
90736 2715
40281 58165
31822 50089
285 44693
72610 77077
78285 79863
94781 99607
47595 15359
86558 32406
74996 69925
12888 96370
42205 85436
16982 41631
28937 73366
82850 83030
2097 6544
64709 73586
23675 42378
3424 96532
89961 23960
20175 92386
91993 84598
99957 14956
63714 39588
25865 86516
99238 55062
40499 55105
96737 57795
31162 73833
56863 25674
48570 30364
3950 58960
17690 13280
26164 27626
67938 21114
13500 32477
17075 88114
19422 21845
77786 17033
19901 83137
38199 20003
75109 35491
9638 95050
68883 88198
30224 57152
87516 42098
17410 78794
8426 91467
35445 51453
72567 50942
99771 3383
7849 2420
40617 16847
50232 27272
26761 18403
54759 70133
21976 81312
92715 29868
34418 31614
88767 77950
36401 80994
76140 76283
84102 70163
21616 919
51861 19547
39283 10536
29308 51633
84832 63484
7108 69925
4681 35064
21549 33869
31534 59440
5660 43525
91491 24249
18551 56430
37424 80258
72894 54952
25116 13564
14483 56996
92896 46732
73620 82697
50682 32179
12015 2928
72854 35514
86930 19124
52993 93887
53327 8479
68356 879
41480 75339
31769 59847
56458 60032
31336 69193
82757 45704
19052 56452
19537 13593
96290 11948
60479 93157
96086 63324
98838 72495
91619 85292
79179 85768
10599 60964
78196 48858
24197 78955
55154 19676
96060 72318
41511 27964
73668 27397
83849 40620
54213 92721
21021 19738
12896 66855
30179 97853
86700 25334
26978 45369
47489 94671
71987 22509
87719 58088
53395 50183
86212 11916
586 8550
36514 82272
26021 42097
99069 26535
35608 26223
45961 69635
52842 72981
70834 75209
543 83022
44743 57534
68557 43873
66382 92233
66673 40545
90728 54101
82369 20069
28619 76940
75565 82955
41404 81485
24372 1586
27809 56826
26461 59980
32962 73771
65332 79303
78677 20148
94035 65876
26101 23421
32006 62592
3137 8836
79289 15031
35100 93866
87158 61659
60966 80071
77909 79075
97014 18723
75549 2281
62262 24823
14946 18362
97665 11576
31724 80279
62507 76343
16116 25759
88352 4960
13796 64474
79505 91489
1707 93086
71097 30958
11029 5218
645 48415
67138 88938
7572 97659
38835 59039
77401 69834
81410 53781
50412 91419
84114 29486
55246 29271
34232 230
81056 59950
67791 48028
57466 76913
7871 69499
91069 28563
76979 35253
40543 91714
5726 60469
19509 48115
17949 44561
98342 13262
4681 15711
61550 65107
94378 88795
5377 16796
76746 44962
9343 2785
79699 60889
30388 66809
95373 3922
39175 37809
45876 88704
49173 79719
27834 51602
96163 85034
98297 62136
94199 10857
75964 19330
8126 55749
72545 86695
48009 29855
32641 65643
26533 57352
24162 28692
32614 73273
27435 19535
24591 71790
51509 73311
41265 73764
75151 95695
57831 37428
48285 73448
9130 68383
24132 40602
43649 33608
63464 13030
78673 91658
49011 12457
41149 21558
11184 73173
9060 73763
61905 38619
28282 50003
23767 29766
25462 69547
6975 98918
88718 99645
68028 71612
28566 14201
47809 92161
5191 88567
80226 11273
40082 216
38127 45589
35114 81231
71347 49311
87930 60526
10529 33252
63019 32564
2111 50648
65919 88481
4478 25438
97050 54637
85190 88859
97372 41969
30536 33000
60625 2563
19131 27114
72703 708
98291 57258
22921 7817
68343 69638
2891 10851
59767 78872
29521 65910
70743 61878
87316 95440
66429 91573
80432 719
59040 67972
972 77804
96719 89576
16691 77949
78657 15851
89461 5746
13564 76949
62939 12383
39586 98259
93484 65830
31740 99354
61232 39357
51149 18835
10409 64901
65620 33930
1902 90841
84998 24660
30588 2874
97176 81717
13920 63631
69378 75833
69134 3382
32117 99294
13905 32074
14256 71703
87409 7389
46746 62349
81184 64994
29895 97895
48178 7945
15139 11867
52879 50080
69307 137
81854 99819
63451 66483
58668 95775
15509 49181
48475 44155
92581 47626
35681 62380
86122 6837
69186 39443
4437 49220
63468 66723
74668 50684
78903 11646
61726 89807
89944 31782
31601 31033
13868 88151
278 11404
60585 88889
33044 32139
96117 25412
4145 25625
48814 31798
87593 6619
55839 18001
84724 92030
59066 19307
30953 59392
65552 37969
86103 9032
56417 55496
59999 17705
45461 70286
59175 60277
92416 22399
64163 8571
34196 88533
36684 68308
74927 83010
17363 24277
32660 30767
66426 18439
94184 91726
46048 97380
6412 59736
15232 32151
66208 62829
49467 91584
51861 11670
50421 8642
33565 60630
49163 14584
82893 67761
67124 2199
26477 74172
21291 839
19279 75489
83567 87718
1450 13463
73199 29615
78119 24214
3395 4783
96367 44327
72349 52863
77857 64581
25211 39122
53707 11423
95536 90726
92926 52952
43476 62660
79852 35755
27596 64768
68838 99131
28946 11163
57131 86640
10854 2145
23280 35250
95929 14249
83464 36000
581 84631
23753 61322
89097 42144
32870 93812
46764 84633
63646 42148
94255 90241
71361 43498
58981 21851
49367 40199
26839 87927
6424 6498
58100 54045
84646 29704
82056 70381
71364 68111
29433 82637
41133 95118
88930 18530
19515 90356
32504 52047
42288 83161
26659 26760
48611 13649
70200 85640
89919 14330
20828 13391
67436 96343
26048 95280
65662 52082
20193 8104
7094 37026
48496 65978
860 64579
54935 53779
5826 20376
3537 87440
30552 48114
78115 46549
48541 95515
9846 48315
78058 38461
34804 47026
42307 45494
13928 77204
1661 7969
61347 50474
32804 25107
89686 9844
63623 33665
54041 60974
64766 69449
33915 73930
20479 95318
7185 28382
93049 69021
23834 33383
80410 71107
32953 74990
52195 22717
47038 63233
30059 70208
95315 8385
34581 62864
96529 1353
62327 14556
357 66922
40852 27093
38763 50624
79006 61332
46705 45949
79332 72055
59514 86891
61881 76094
----
98811 92467
72053 30428
636 62201
86939 2112
64976 12303
30009 21520
36077 77857
44779 8688
52134 52786
3411 85632
63316 90897
53198 82417
70825 26373
13264 48883
24977 30339
39159 75145
21926 40141
2342 11212
29676 22562
51218 5633
27154 94653
72510 97579
6267 79583
32369 17290
19274 58401
65651 35780
34550 82590
25315 18849
84084 5375
52066 38579
30076 9062
65555 91225
18789 52002
90917 84249
89883 48466
43119 42135
39714 33389
12972 31981
65623 62333
20735 61693
13826 84897
83839 86386
21587 48376
53751 9154
64085 5672
31086 22169
13395 94162
62516 96641
97242 32184
97002 53433
11920 87125
36866 40121
88455 67986
30320 66190
27884 54078
55328 67407
53793 41710
6438 55519
81026 91732
97404 76541
98710 45111
55625 44842
57835 28457
60642 34494
4279 55078
58555 57644
14118 16200
538 95422
61612 18925
73003 47210
14617 5848
47558 44683
203 84762
76495 70348
46889 81229
42692 90251
35094 61952
90409 14670
49164 92929
48007 67403
41400 69795
85995 6563
18337 71870
90795 2886
50096 79949
85798 80150
24834 81066
65828 49708
36409 41389
38970 58675
48927 83298
61602 98014
12684 84021
93302 52012
19415 78200
47996 41310
64225 60815
32685 50343
53229 98914
95215 39832
19983 19678
744 81013
47074 44817
2558 66572
25248 83483
83133 41528
39542 90527
90900 44736
13100 68579
46779 84202
41864 48867
26035 11127
77823 22441
21355 75072
14905 31052
50730 16571
13936 34888
96057 67826
34399 61010
60845 98615
40143 75999
82878 60331
21419 96037
64616 73778
57980 34519
83386 27748
55227 16197
38638 9421
84494 33050
80455 76346
9269 15751
50639 47537
15364 23205
568 46696
61663 66115
42114 77765
38096 18158
14195 41344
15122 59515
10386 95164
22912 89454
22003 93773
19546 94491
27542 76994
53340 20392
36143 7997
55534 62609
2166 3134
66182 70898
53365 19086
96852 27845
46003 11831
53175 51300
10816 76551
71715 68297
74104 21202
31327 10979
5470 96107
73101 67226
87618 49364
73713 42793
21754 40114
43248 29248
16498 23921
59359 25783
53628 69864
81695 72563
23864 15984
92535 51223
35872 51032
88586 80602
7933 9976
22436 36266
3492 29755
79120 95537
54683 7462
63928 52833
98433 76437
16710 7177
49312 31284
17500 76070
64985 2940
35276 15547
66770 88849
56233 27811
24765 2643
28971 44820
81086 32698
62454 51407
63297 84578
8392 57926
10759 17980
94417 72321
95850 25545
56829 27480
19902 45162
64454 74329
89876 84887
73737 99731
43894 56647
75642 29970
91142 68660
17710 4613
56021 72228
73158 96516
54442 19318
53650 81551
70224 81554
7099 48067
91899 66074
11236 63928
54609 11801
96689 75690
75421 44485
17484 86778
33100 19316
4328 93126
97740 24243
96471 22038
34907 70113
89431 85982
83885 89349
87255 43081
7500 54109
20183 94354
74634 99400
27553 31419
23461 45595
90081 24242
11020 15235
34551 23917
17044 44121
68364 55231
93621 31136
1249 81187
83521 28528
34230 90680
50113 67406
21515 21485
32192 73965
73365 58050
89469 23178
68774 17271
41513 29283
44518 75207
99124 68886
29359 95421
50652 32520
63656 14075
95262 60625
89154 81257
71937 95136
62542 39736
77573 38402
12368 410
58460 9765
49296 2085
19356 64282
9917 18070
9629 77222
46108 54435
49856 8753
41274 75467
89542 16860
77485 21282
2540 1156
12644 82991
22727 90829
45584 75187
91949 301
26418 57952
76389 66761
31043 75714
93784 12098
89320 40960
11747 3413
28519 51780
43599 61603
94815 86145
7427 49493
67001 72301
55292 26319
17149 79646
71185 94372
94673 79085
37037 63134
29895 21091
96806 29778
41876 77291
34603 6942
26708 47548
15680 46351
24306 55227
57724 59279
8772 19122
7775 65151
7823 75774
55420 63067
57439 41324
20409 26605
6091 68464
89556 73798
3576 52338
29629 2714
9656 61805
25705 80585
26936 36364
7943 41386
665 67594
86716 65667
47171 25790
17916 94491
73911 54994
96318 89688
32645 47702
16167 16727
90525 38736
7426 22075
24789 10453
72258 53408
33993 50797
3514 14316
55702 77281
44875 11457
93477 72719
14861 47944
58787 40648
11994 32777
22465 32698
96753 24664
41391 55110
10198 29272
51347 48268
58721 17625
71033 92488
43285 47332
61648 5026
82307 63151
74609 33702
6421 43534
91478 84438
25086 21283
70412 50266
99316 53432
78096 92878
64340 96069
25341 19487
84107 74539
92164 93040
1880 59180
6512 79549
84575 61518
24669 84512
18214 83234
26768 99278
68 40988
78623 18247
84865 25154
94938 49035
58265 84181
80251 73034
8873 22606
13497 21944
31337 92980
68513 22013
1562 33217
94735 75025
75890 2489
2075 19405
35035 10456
51444 45195
63442 35104
76610 46419
11807 64659
48841 71549
60935 70072
9030 45444
67388 69809
79141 38879
60892 15077
48295 47654
39032 78806
97647 59382
95139 14922
25378 99722
44918 46527
97983 93175
39594 24712
89372 74593
62494 67753
54178 54565
9 23430
9591 79560
18440 83749
98827 88732
52739 95684
90843 63474
39208 91771
23045 88490
4565 34348
97227 48423
57950 65835
90547 95210
69803 13897
81650 96271
50836 48650
88432 35828
15389 67197
50947 98023
3107 50181
45865 66126
29600 72198
63969 36708
41551 85160
19508 3366
68142 46116
11951 16735
28297 26092
39989 18850
31474 98101
63103 37992
73820 98662
65860 51535
65910 5561
55742 33159
99285 69017
41216 17960
71020 45237
30397 21537
24904 12571
75039 66258
99345 93046
35490 3342
38545 27643
25744 91832
29824 70019
68681 5199
56734 19996
25558 34541
67700 22644
8013 97652
15612 83337
28574 65581
87119 86633
99204 58972
41582 28375
37773 90596
93938 40927
68570 73263
65095 32483
18854 10666
15865 94919
31268 87536
38429 72599
11595 56826
54478 6130
5819 35961
1542 70091
73076 34394
9718 5013
49740 88632
79228 51300
92227 87513
60777 89519
38354 77150
87816 42224
53496 57209
44745 3682
92633 84764
57942 83174
5656 20581
56542 12420
98863 27828
62222 74436
79450 71939
60572 88292
55944 29190
33056 56152
45671 64523
41673 93833
52409 84026
57587 29490
33172 5905
7021 2332
1858 42157
62738 64963
93736 23867
51695 19280
93717 92599
80891 30269
34913 89519
35061 57815
13967 90857
55380 68117
78302 59639
60017 13406
42896 30712
52969 17604
36288 92420
34577 59991
24954 54498
78365 97316
16596 18690
27642 46412
76681 26665
32536 8533
66348 27946
18803 67598
35715 80315
56306 90536
3942 14018
44730 32675
66631 46838
55610 14051
74042 2919
73770 90187
87503 15349
34039 68487
14900 20452
63469 78033
86566 7933
35880 96006
63604 69266
65934 71035
61571 99319
29689 38592
71268 81865
45055 90771
4823 37899
57171 665
90853 78865
94214 30941
99428 94708
15160 44606
22639 30680
38614 94982
90988 25558
94824 90846
61881 70944
86615 77110
15703 39805
21670 16305
7076 86971
41222 66726
67391 11899
7117 14745
62038 74596
69305 17683
78641 77819
8499 817
95799 17633
43191 63465
54311 3139
74083 54367
31478 32545
72350 60699
77004 63533
50504 94020
60746 432
12332 8078
22824 44490
19086 35801
53484 1214
79033 88391
89209 32126
49759 3885
67350 1360
4500 9302
80021 38014
70559 78583
39282 11499
75032 42909
53281 32638
33071 41888
66319 14028
74870 45403
97556 5495
6709 93956
82348 51040
99518 85743
89628 87909
89269 65629
91283 73330
11344 93769
88705 71305
99156 98255
41164 27987
60626 74189
32429 94446
24826 10049
71804 98748
4243 99696
93652 69360
36752 10953
13048 92352
96613 52623
18252 19028
8710 2235
96004 9536
97193 36407
34662 1061
29049 96349
86890 92179
86625 6027
32428 19320
34420 27803
43851 4232
73592 38664
65969 37503
46208 26696
79319 95369
30749 59173
61408 13924
39812 39459
75866 73765
74826 37005
33354 10529
2708 3875
26254 20245
55917 5685
49840 58682
62914 90337
45353 93691
47546 52858
79555 27674
23043 93754
52928 58874
89150 70144
9604 30688
4453 28962
65967 1822
28703 79280
99507 15674
35919 31411
53448 25762
796 91836
98525 3288
96979 80063
32921 43879
71553 44526
54632 28828
4055 10949
81093 23912
54601 93205
22168 7049
8872 59054
54686 4487
20161 53927
85339 54194
79956 72432
80620 55139
74780 97104
77167 79146
23025 71759
32637 26441
71621 10930
38231 3622
43886 75676
85234 35677
42726 14839
90246 7402
28241 67950
21878 44932
99126 64755
37187 23569
95060 95434
92539 17808
13306 69840
57952 86058
12499 52683
63613 6941
10563 84121
76149 18197
53874 70802
85641 61383
85137 96600
80903 75887
20820 29731
94486 19133
59054 36298
31733 31673
65833 54114
40307 40624
26682 95491
48174 98259
21552 55534
56007 28140
46337 48468
19270 32156
9892 211
13163 4911
97151 95029
24760 94066
29551 34323
70621 35598
83624 88605
59072 2354
59330 49457
44949 99379
13990 86013
41547 9475
37615 35542
84010 13906
46062 83952
84163 19632
40896 72306
83688 97327
7745 38047
72370 24800
60399 37297
42254 59343
78050 44023
9832 1326
17057 37380
23393 71133
80609 31047
82942 81292
95198 18224
2177 83304
2937 57613
29919 2692
19 43833
98232 13607
38408 7765
61414 70602
46297 15159
59182 3668
21347 24347
61728 69014
40148 38404
85804 1473
99118 37109
55333 85098
68402 10668
68281 73862
76555 71339
15172 14553
44512 92926
17043 13404
358 99272
14431 94809
14830 63008
87355 89965
58980 36177
90933 65435
83261 15480
68941 93089
78187 82379
9399 24274
14489 46590
34281 94033
8586 7396
16674 65806
95562 69450
85075 33718
44879 95921
75281 99506
5824 59709
95886 62636
44424 64804
96636 3172
96261 27685
26416 65577
6203 90801
37391 35815
29848 37044
44440 71672
37478 54786
24237 77467
11185 49393
45314 9312
25170 56064
32126 20595
99583 30994
12150 28012
47536 44007
88044 25138
7067 43798
34599 14460
50276 29623
66667 88342
76366 96476
51263 27460
4927 30197
79590 91852
17516 32464
4880 41256
78203 59038
6385 37006
81371 77786
38146 18535
60026 28907
72705 42542
57003 67093
96716 23656
28350 23631
36459 79736
7196 4717
34914 87722
95926 12123
60939 30856
72112 13442
72481 65819
2826 50315
44453 78866
13753 84197
13104 98951
41494 73779
57225 2162
42170 14849
38480 70293
50029 70521
91590 74939
79014 57225
85700 42856
73712 74940
4735 46639
28811 45824
12491 93568
88786 31637
32186 73296
72248 2539
92671 45290
63804 13742
28591 66248
36541 5975
92848 83423
74714 2923
76500 84438
27294 53728
45021 62201
25192 17358
63182 49756
43324 54003
1992 92025
65321 48462
51001 34178
95821 37569
67663 60024
26272 75977
81952 12606
96029 79166
82089 91152
75590 70744
40824 58589
37142 19236
36594 85845
51953 78687
32690 16128
8153 11629
60091 51035
85213 89827
43748 27445
87469 97386
73364 11412
24018 30094
25612 71668
79173 36400
7144 7701
82642 71115
90352 64320
66518 19785
98472 43298
75779 18471
30101 47514
98549 284
90111 6544
33989 115
13853 33860
61624 37811
67905 87217
75238 85642
22042 93517
17570 54411
25526 45538
26211 212
36349 32230
91881 92729
11200 51173
15040 67660
67944 57653
80550 13589
30056 58056
8268 14539
68702 43910
47479 69892
55534 52959
46476 39069
93480 93929
55819 80398
96963 35359
83941 82030
91111 49664
838 75822
43482 18664
76317 15878
45819 11427
69483 56867
87759 92228
52490 77751
63995 56461
9421 99969
39039 19529
29810 72249
69000 48871
582 1982
364 65963
15627 84524
60346 91476
10140 32817
65047 3829
31608 2809
76029 27219
35799 1091
95194 80140
52953 88289
4610 75541
95070 62374
50976 60001
8873 41233
43215 36328
18643 25807
10331 43579
51407 50622
83440 87030
90859 61547
80709 64839
8410 22467
39910 56738
36878 44209
32498 51456
26997 89831
68558 37109
97110 38419
96004 35886
72214 22335
48143 39219
99151 90857
41479 74826
61856 50558
28458 41271
6111 69067
7886 9167
65905 30873
75083 64148
15604 19135
8966 7581
61042 58953
13725 77524
29762 74505
13192 9729
48949 1976
9185 77687
52514 64452
31362 50665
91936 30722
16142 59820
68987 14399
45273 24028
88177 51244
70379 20356
44289 20133
79087 95698
89574 21684
12541 92812
18893 19337
37665 25733
3421 84194
48646 46851
97516 72287
19361 80009
39829 5804
36556 35503
59532 25169
92765 81829
18537 64061
84194 79497
75195 79178
17214 79633
88797 81121
458 29755
71841 7691
91885 54476
1327 75262
63901 40532
36893 15195
20999 83262
35118 93074
18243 57555
55736 94650
75063 27361
6858 74273
69804 59257
38891 98405
95878 87018
33126 44040
51731 12689
67165 4967
96581 59969
16853 68492
----
83687 60482
60096 53746
46820 21038
78594 95214
6216 81416
8777 34330
24956 81279
56889 31987
46744 11112
14482 12132
56172 42622
55311 47608
68927 7904
84225 22476
7320 65508
42342 1078
54824 91007
12046 2439
97653 17996
99412 6992
57674 20222
17853 24541
72880 82630
10094 74742
86874 19624
78599 24577
88537 59399
67303 50262
89091 57465
22973 67880
68958 96411
3771 65316
84107 23782
41778 32169
39161 98112
18334 57543
82084 96835
95818 36188
27282 71317
90941 22264
46841 14157
89908 85892
36155 35379
92844 73563
41443 25246
38009 32169
13837 10401
34183 41780
73949 97944
96057 92313
49856 29462
42650 30743
83283 48293
19610 54820
77084 10566
41075 26903
12796 23926
75657 30983
4546 65303
90549 84853
17022 45989
56390 28558
86691 47212
45156 6925
15590 60640
6455 57565
4661 65447
30092 49105
3925 87944
14862 49702
92957 97361
37639 55937
3272 22105
87408 13296
14501 24170
86511 94309
39220 31524
95088 42901
66178 25911
2903 40244
14162 81769
63568 9358
74815 18823
23119 10012
59714 95092
92454 37982
10271 69023
91129 46445
59742 29896
54066 78537
89199 74243
22119 40578
99831 28419
54330 17207
73804 66010
64131 73585
99296 4318
39493 44051
54063 90463
85556 62612
16946 30129
99152 94362
40807 27218
57114 6633
85171 16901
7497 27532
68110 74370
19141 29616
63176 67942
50304 89823
63408 53332
57650 30787
91190 79056
69520 97143
76107 45253
91734 71428
82142 9406
36624 7238
13872 22949
56203 10090
53974 15395
6117 63700
93316 22085
6379 25258
15081 72844
26176 73035
20174 94841
73898 178
13673 11364
72969 59770
31198 89781
99187 81055
88293 13340
52641 52163
78605 18517
33912 8844
72544 32579
71016 40029
81639 82213
55057 77395
66782 13072
7914 81234
97764 86956
14672 98164
57934 11438
1219 87641
85048 5484
18824 16758
85273 73342
91859 71465
96662 63878
12809 42124
82153 69206
67771 83826
77573 80145
93217 22829
20415 44356
47664 1131
99295 18179
29617 62337
66330 73581
79065 47188
80298 51379
24721 97889
85707 65571
45801 32932
75056 98721
67927 58611
42437 73562
53707 35699
74880 36362
80718 46924
64408 11647
29826 28383
7072 80055
53637 75796
39336 73402
24781 32702
46944 19635
85206 65854
98787 49003
47724 47360
5971 90195
63757 32003
84054 64760
1122 17464
80741 58934
86933 98193
26576 45149
41556 16760
8908 33648
23402 95193
44248 48244
67879 48184
30390 91192
56547 69438
16798 45529
35725 4271
52626 39121
20233 99482
33299 36681
11967 37707
35900 30392
91893 98901
32013 78828
28828 33449
44995 40921
89165 68583
16767 89243
96787 57045
42835 63509
9039 53334
73957 75985
15106 44764
60598 26583
79616 51691
89398 10249
56993 7936
6837 41651
20479 48886
98688 55202
96123 65660
34243 43683
32926 1640
75037 67362
30871 29713
99399 17872
93857 56262
17378 73356
16291 25315
77006 77977
4578 95908
3844 66405
8056 61572
26810 27033
82235 44887
26899 25498
69181 78358
96350 61142
44856 2107
48172 71388
89260 92080
48342 47571
20927 83118
24785 65721
60050 37219
49479 1792
68197 80980
42552 53323
80356 92605
53844 85715
11213 78943
73653 80744
58238 96747
98854 70003
41391 19447
11527 63379
10950 30652
30122 76221
58294 48230
1801 54907
56699 18344
99325 51280
20955 41248
50205 58229
60296 17663
96606 20402
1146 71510
68257 70259
56614 75736
11535 83463
46842 98006
45010 39414
15636 74145
38727 75132
46391 73930
8627 40528
91808 19443
77043 24304
98885 12763
30426 27249
64003 59182
30692 43384
29995 81501
57237 15301
15116 86609
84615 85125
24539 61959
52456 45977
37461 40175
30458 91183
31711 83853
19648 39085
63389 39871
68986 96691
40292 62274
21456 15764
59148 4295
85796 68500
153 89143
92104 59386
44511 15270
77229 93072
39049 69050
25578 46037
53572 76511
60364 56036
95121 1635
41506 96364
93055 74862
53488 26844
42608 49700
53995 91297
59797 18108
23603 56144
15530 59951
75221 15707
8779 76393
45443 68802
31191 47829
40692 87373
43409 84763
86398 1056
13772 54882
29744 44256
71100 6827
56527 83233
90882 13708
31816 26875
83019 50679
26982 71771
87478 14901
91294 18555
3709 12610
76791 53089
40463 51252
36015 17483
34891 224
55107 38765
83021 48663
55490 84851
84436 70473
533 28370
55245 75318
42350 48701
20472 54616
69517 85684
20592 7951
36913 77163
46604 40653
91906 13704
31187 87067
87292 44273
83039 66078
14741 42399
43602 82412
69238 86583
31305 44391
36061 69771
18473 2902
57518 78411
80448 38945
63248 43387
36902 1040
41693 161
30217 83507
86926 33599
77873 61404
43834 90570
32969 77264
76028 74927
77863 92924
53667 45266
31390 9168
12071 89728
68140 49863
5160 85941
45681 64940
65980 68409
84922 82583
82442 7673
57625 15140
92896 69369
59939 51850
45466 53083
28010 9261
18537 37846
83113 5873
15042 72204
61932 30855
80718 43465
29406 46424
11364 2230
86991 91439
90375 93696
1370 88266
19758 72817
58538 75347
27197 12654
65737 18478
44091 72663
10509 10100
15973 62628
51184 9974
57181 47367
7184 13116
75893 54251
56482 52943
44382 3609
97306 43473
31739 34757
23927 15028
90375 51497
80504 82465
943 33924
22939 62593
72693 61386
24014 49800
76127 5019
68738 75198
4667 33308
87560 75923
28866 96912
521 44042
3867 89600
40710 97827
29207 51959
3456 64637
47102 19582
69858 312
62906 64398
25784 92797
42598 51951
73322 66151
57701 18725
52033 42061
34336 62368
59280 55945
99987 79554
69154 76154
73981 20207
72166 9864
74501 3189
39123 91974
92287 37956
2354 8982
1779 71545
39848 44490
10641 60729
79454 13171
71584 68343
47063 47840
3785 5920
85474 6344
82498 20125
40332 54628
80845 72831
92372 28850
20824 71698
9654 31496
56830 29463
17360 12008
56499 74961
35691 73561
86732 83492
51835 15145
79337 58316
80588 15251
37947 83123
19600 66062
37042 36797
9628 59932
5134 34239
5938 18353
66201 25958
71774 15592
43953 23031
97992 5486
79047 16804
16648 33683
65181 82131
56799 84836
87 44518
43993 37387
19801 38034
74831 63593
39877 73196
7435 811
19164 45011
87322 29725
61670 85365
24748 59096
80934 5623
38779 39093
89128 59982
42113 55427
40263 54309
15180 98913
52652 56702
94736 75525
39119 72454
62002 69567
86731 78996
40360 69437
15515 5895
7613 27682
3130 77185
99160 32361
71454 84064
44046 37939
9718 60583
31244 2512
1425 66334
23036 62776
38302 70429
42883 34125
20044 77421
72769 4885
90675 6775
12671 29481
57163 6190
83375 36636
85349 60293
60710 82535
36826 56804
33739 21108
23620 62896
45582 81335
44112 41397
11827 68619
19096 82414
76187 71062
75948 39140
45916 65308
94790 82975
89165 74939
11575 68305
28599 88892
87779 96924
70080 5661
26769 40957
20205 20171
1507 50390
8139 65788
34407 61971
60737 19966
91029 53503
8995 53276
18584 83329
82656 54911
46202 29726
98032 88173
77065 57777
71054 42983
64996 81196
38505 57486
94010 91765
58507 58710
24498 11869
73840 66647
86613 75257
45112 34577
4205 93994
93675 54108
25371 39141
68868 76331
64504 71574
45703 83252
42587 57921
39117 33109
90596 7583
99348 93974
52685 84606
96475 57856
24503 93535
68793 86667
37596 27468
37815 13905
84365 41801
80942 31490
24174 9737
97663 49810
49414 88678
46600 43366
76476 92001
15936 2069
96044 83424
68030 31637
89493 65081
58616 80857
83876 30348
74168 43761
74019 21472
63273 11983
59826 58384
84473 44215
10378 84000
89030 82136
25503 76144
84498 51982
54052 18331
1755 434
32071 66448
47881 86137
83346 37916
84616 6497
66611 67222
88694 58785
87120 40630
99014 68319
28886 63298
47298 99840
81976 55616
31761 36329
88311 23831
42162 16259
33045 58715
41515 60269
46406 81469
19385 89396
12246 29752
96974 4002
79139 95209
35839 2020
70339 82611
45910 51205
51045 99226
54842 9560
45889 49374
89557 2955
19214 50553
25620 31720
8341 68612
50081 83488
89236 54748
84500 85818
6172 1482
96691 97827
99847 85311
84275 48882
88 70187
85765 30185
39745 67485
16859 40607
59915 1987
68892 6417
54489 95481
64093 10864
94352 62830
33930 30526
16345 83589
1423 18431
16258 22517
24181 14467
63349 32457
2644 8456
38641 79789
47275 4761
61721 94738
96725 80486
86903 21636
17117 81969
92834 57744
36927 97563
28089 87186
70775 70857
5640 44434
66952 88551
3018 38250
70708 91133
99589 82719
62509 89704
94466 54582
49320 9784
90270 56187
77823 46046
28015 93526
67622 11292
8855 37201
24388 4549
91759 36945
81379 11515
66 13751
52002 48331
55816 19436
2156 39062
28766 55405
9987 64665
90801 39584
95771 75660
21706 97423
90949 89946
1239 66073
3275 74924
95825 10094
47039 44015
55530 87584
17688 44771
9454 71949
91385 86042
25104 65271
37028 93541
74558 70222
9807 63368
39028 65359
62783 21930
11877 77086
43159 70084
45008 29468
55914 62786
23153 40834
44770 2954
47725 78684
66985 62458
48500 57179
38802 58370
68264 89956
60179 75831
39199 59174
24534 86338
24620 78227
55313 3669
90105 52849
82317 14824
93963 35114
92300 38232
57538 17116
12152 37070
15881 21615
95146 79137
53860 80733
70690 33949
26132 22124
97650 47221
49911 65331
59910 38536
42205 74531
43733 15223
46399 48663
129 26050
80634 40362
57479 92429
45851 54524
76139 69631
65121 61732
58818 87638
21587 18981
57457 29508
93081 47719
29402 55107
93644 42992
33875 89312
20887 52201
864 77608
20011 67286
7649 17345
9774 645
71522 81480
67463 71978
50062 47661
35299 32584
67917 8880
54740 73238
37309 41726
96834 47821
7165 66711
72375 6830
75383 41041
18649 93262
60549 92600
9945 55012
72010 84550
66030 36072
8050 43532
91193 33493
82430 74464
83345 42845
32435 50347
92074 38085
2259 86097
69160 5260
28442 9424
50465 41536
34798 3825
12777 85467
40479 11699
96249 22723
75147 12489
72373 62279
95773 99549
74013 79919
39116 94555
44902 57358
11796 71551
57648 53328
58588 14055
23479 26809
84697 3382
23560 90297
92116 19495
31195 36337
75412 48947
77789 43796
6076 50559
50108 50162
30081 18201
12756 40474
97832 69197
57101 74010
27339 25980
40035 31101
57910 2279
5662 79867
86516 58959
94807 45574
81911 94984
43931 26002
69798 73676
40587 21720
88235 92226
10427 7048
47522 18316
3866 39535
13546 61706
87687 60967
92068 57237
59516 27722
23941 66331
25290 81530
27104 26809
21793 20097
62451 25368
15396 65725
3797 48602
40828 55983
79383 92032
10349 67608
23495 26905
88612 14215
91534 53393
10630 76299
20373 83602
66285 86499
84381 60667
87476 91576
28025 11486
53206 9270
74995 6829
55431 84954
40937 78792
70825 12611
96571 36673
63578 97526
28093 20067
89812 68542
44841 19627
19581 443
86942 81567
42234 85867
93795 71323
99161 29710
55332 38172
45001 68719
53673 30327
25472 16784
29396 10963
47636 12649
10175 42319
78738 27566
96109 54620
90599 68551
68994 57302
38869 26532
12399 72288
59963 97455
43518 22546
60719 75477
44196 98850
29178 22072
38857 14222
41537 71002
83651 84605
26924 5525
33091 10178
64798 22015
90566 29200
2855 71749
98281 75912
64552 41724
55532 10681
49579 24515
16344 99050
97900 26650
48723 76893
91115 43430
14432 3932
88537 49004
54529 98083
8261 31813
53828 3972
33173 89411
61160 44394
36658 52380
94104 59442
86475 1210
42078 49636
65038 52406
79057 58422
35315 62939
6369 44132
48064 42782
91786 20802
35237 52953
1118 46315
66640 43499
49262 54947
15693 99813
52193 10423
86217 52352
69914 62649
28638 89044
41450 11992
70415 93676
56615 20507
64639 5730
48513 79337
139 29055
98360 56651
19319 51728
11579 99479
54426 85959
2124 60842
87617 86471
38823 70669
49670 90186
79230 8738
37082 78308
88337 20680
41188 7497
29580 61304
40641 22179
67587 94445
51096 57132
8861 82299
81778 70415
56374 20440
97634 52556
39028 58498
45519 1603
91789 94203
19293 95190
73498 71019
91700 56376
80225 78187
39492 49240
87771 9805
4250 80133
53618 71710
54010 55347
25762 78831
15623 35788
4697 98489
73339 13258
14861 43725
54280 18859
14049 23003
94022 73574
46302 3899
82087 2074
51314 26527
36333 21579
18064 55438
27148 40583
12282 88034
66865 81158
33299 38045
52886 82489
12099 37996
98073 26225
61436 26960
66315 52353
25927 91837
95737 60338
78764 72229
15109 94176
32107 46431
1869 51442
92025 66523
54558 45369
26528 4308
58705 21423
20264 76179
14175 27943
70520 32363
75676 12248
64601 31957
40146 41991
18681 6881
95462 52235
46411 97446
----
43877 10571
78365 78518
61394 45746
91115 86743
91051 15952
53727 33995
10174 66108
10403 73992
6355 24349
52949 80923
29232 98383
40375 33903
40784 69379
21614 59056
56502 52598
79522 68026
62896 379
62477 57887
44630 24290
56594 53593
3940 52033
18141 10322
84314 14115
54816 44896
25820 7021
5405 7766
41669 55052
24431 62132
21188 98805
51403 46046
30424 94043
94422 30925
88813 93320
33963 73252
43197 49795
1829 90557
17231 47137
61252 36322
81219 17897
24919 16069
40187 7039
62091 46676
25160 81856
80661 2875
48921 46348
56743 48416
95694 79345
89017 51166
40770 84507
34302 39332
46242 83967
31104 52483
88806 63473
97723 8709
41130 70025
93416 38994
85670 81317
79525 55507
74734 10830
73530 76538
24954 23655
19352 30274
97792 20648
21507 24722
80406 38562
38881 72162
24645 26648
6474 69985
95046 29803
99828 4197
43191 36176
33845 93244
65104 45213
72395 13370
6260 39838
79846 62277
92551 47567
84567 15550
56624 6695
61609 6075
94589 37031
80031 490
86828 35586
65390 86505
7054 81874
34403 81570
91167 50245
11810 84600
14323 56271
12461 84205
62835 20583
68150 8659
40562 55386
78434 52718
75145 97186
50569 40043
56886 86086
38024 30601
33458 60066
58292 3414
1337 40513
7110 92695
77296 92504
48775 18921
19478 7971
28554 77588
86248 82313
54052 13057
65775 26810
40348 32486
88881 57272
59710 90918
21519 62119
22185 97734
17501 71329
11842 80478
89525 18838
11342 35305
70578 83173
91144 76469
54057 6408
88722 19699
32756 40305
83467 59126
7964 14883
88507 23816
14734 13197
75317 48217
62303 52605
40286 97502
94332 79804
98642 68481
3786 83858
67031 9984
2805 74364
80772 74528
94227 56863
13520 85846
61324 43335
74570 96988
37156 69288
82486 79429
27646 68242
20847 74155
88009 6301
86106 77485
45966 82342
66200 84748
11085 49752
40468 49583
24111 13890
87105 37593
39791 34690
78025 626
13966 1116
86756 68947
48376 51122
19364 85594
59749 92374
98676 56563
34048 47759
30101 1134
85882 80015
46119 12653
78588 13319
43562 2940
40533 2700
37390 30667
47645 96676
97792 31768
17067 61611
12733 84549
70143 65444
74170 48449
21364 46245
94004 89198
90332 55413
51780 40457
53110 76215
5886 14251
17191 48050
50750 65800
96468 74076
70753 4493
52613 60465
22077 84897
69446 86032
51476 51162
99612 55942
18539 41999
31197 20976
92741 12543
69352 21530
14097 60873
75125 38814
86864 36335
2136 8668
99097 53967
58460 14956
75421 69850
54747 27425
13457 97498
48661 40546
12840 81286
23285 64625
1953 31379
60274 70834
92364 11047
71920 45978
84792 6461
59149 63397
88418 88008
41975 61285
76241 87515
57365 16787
44212 51662
49161 28464
85362 74022
55308 14174
95151 98202
45933 94945
65779 13456
24503 6207
52185 74496
97309 12776
76173 53329
41338 56458
17743 64591
52106 83313
16453 93984
61999 25823
70640 60665
34687 27512
41686 56002
70557 6347
1292 53189
66645 16490
39050 67072
57920 7501
20277 7587
60917 55229
11688 96450
77394 18607
18272 29431
23416 45852
88028 34725
95391 1767
29279 58668
31022 46430
52778 70965
40506 1579
34422 70422
53846 23503
31004 73472
81059 11766
66996 51281
64084 58328
93287 78684
8115 41478
87330 11560
46285 47883
49650 75358
50378 58028
20811 78929
66246 81401
82980 73589
60363 23104
46608 17402
7226 14210
25976 77612
28894 4638
62966 92972
71656 92978
50808 72606
84166 96124
44007 54490
46201 46803
4832 10010
5291 96579
94332 25643
15584 71538
94642 93665
27419 75947
6509 41250
35215 34646
39284 32486
41810 80461
89791 18602
91208 13467
9591 40599
11441 91726
38530 69950
96312 57642
70574 59714
1709 1604
73142 64906
58571 33645
25944 84136
41739 2343
36989 32454
64940 76954
73767 92625
11227 6750
36569 63558
20509 18788
10514 62512
48815 31950
89593 65396
25110 45127
46731 76519
57777 26819
60464 36225
20362 32701
35044 86409
18863 62101
55407 72033
81010 155
23257 29174
9084 92237
27377 76179
38691 29593
61543 54244
19640 87506
48986 67488
44007 44751
87922 95717
31943 18137
50838 64739
51148 68657
47110 85882
74267 86363
2870 2517
48043 55277
63866 26127
2306 57127
86720 91244
61840 57350
61208 64615
32104 81480
42583 10194
22264 92463
10600 46858
11597 70559
39216 61438
63672 62745
65460 86326
5195 37939
93216 68330
10809 69590
43069 57083
64679 29468
3170 46141
10756 26519
7999 64378
90925 59212
51676 66935
13793 29541
100 78628
40067 41742
20839 39316
41994 3739
58031 86299
70981 47189
33131 51247
24682 81790
27610 76200
22341 89361
15880 30780
11511 49449
8662 40232
7167 18788
48329 76690
55318 37312
95406 48429
4097 11737
31829 16245
2544 62443
25984 89860
57459 73525
71667 59115
51667 82142
71503 99278
46410 74008
39809 87384
43968 57921
76709 48471
41513 67487
21151 41390
6171 96832
24921 16557
32802 10268
89063 73102
62962 35346
25223 15047
74162 36774
18916 96890
12520 25829
16189 6771
10507 58931
33204 72351
37174 54475
21962 26266
67656 78688
91872 43113
59670 73828
448 16793
6248 92472
44170 89512
4559 85562
22336 69393
82636 95074
37255 41252
64376 11508
70439 69797
42148 74883
29359 19996
46262 79322
58010 51321
10787 13918
4098 66234
99380 70457
62930 4547
94059 5628
91190 7100
92846 98618
10044 13527
71131 75482
86990 47300
17097 35507
10391 73782
10130 75597
54919 56102
7423 56392
86662 29282
95516 18210
5020 90761
95308 94896
16876 84302
91402 5719
4337 8067
37946 84248
76082 30734
78034 9077
60937 79425
53207 11483
87080 87680
43782 63337
36081 41999
87633 67557
2120 39095
29856 83150
94398 7140
91442 41516
47235 11275
19342 99196
99797 67925
98659 57288
82717 75879
71656 76693
4528 43654
47686 41215
4552 91608
49959 91468
75378 56985
96081 37593
20743 77498
990 42289
158 31493
42768 92432
7980 47393
31670 78462
52102 7777
9 30329
23374 34820
94826 71665
12881 27902
35862 42513
50333 33785
7123 85822
23415 25711
19561 19556
61845 60510
92003 20551
29335 78355
25749 34772
29586 37316
61445 73771
4101 81689
16509 61454
49472 43827
88082 27687
86552 78705
28842 23944
9766 36886
78949 35965
55521 49533
10043 98511
35414 33719
12074 18399
53171 64750
2066 54175
27947 82757
64446 63511
41318 48400
92227 97307
41347 90790
69495 96661
20606 27899
81137 14689
50655 46724
96258 60087
74950 22528
72599 22653
41052 10364
75114 84674
55201 10575
9685 93532
57044 83148
47900 90483
4143 98362
5504 56480
53141 45490
73389 91351
6040 73747
36824 54527
30966 73047
95576 33082
72087 5916
32632 68175
69201 13140
40067 7747
17631 24403
23903 49752
40236 74675
89389 71804
28284 44379
6221 11245
18948 97777
71525 79610
50489 24989
98036 8349
57783 97807
20075 9964
78140 46222
75714 52708
76807 47341
88096 15782
65534 94438
85466 12000
156 22122
82853 91207
2453 44792
42569 89074
85037 21401
62742 30446
55147 51878
49686 60779
87095 12930
59153 69761
38821 65235
28929 34867
67001 15628
26419 33377
61729 48888
71010 11885
3092 61885
23029 70216
75642 21897
59651 65599
96045 77031
28910 22393
99524 51193
80475 94948
81061 86620
68207 55980
7200 19883
51863 13488
46866 74201
23089 94634
6519 8595
86833 10452
97020 25964
64213 9862
91813 72662
49694 23864
46258 4211
71756 94956
6256 45782
32402 52231
24564 87317
23552 16962
30450 31764
5965 91768
86402 77316
2264 45407
55859 9274
51590 89097
15311 52879
25541 15803
39668 7125
27688 91587
2895 2278
48060 99444
68027 9151
96469 96815
13777 92591
24355 36373
28141 44227
37896 46673
92080 14544
23818 40160
45609 47939
17170 75408
7563 60920
84397 59063
67003 47231
49509 12085
11529 69898
95402 13922
27089 79557
88500 8223
44596 40866
1445 29208
75881 72738
3634 39341
79501 84313
48604 43804
35564 25110
2383 65774
24837 43127
6711 86780
98866 8192
78091 72572
86494 10395
6304 73493
81716 13583
70801 94805
24013 42664
15402 72247
11588 16246
559 35388
79192 7442
48904 49163
31289 14756
57884 51287
38068 72478
80671 80947
53519 36934
63681 58762
48607 40014
69949 69986
64791 46675
5691 40751
29350 88804
5050 37446
72834 40938
64732 21961
71124 52027
83135 13637
81276 2413
74891 57371
38318 19344
72630 55562
30676 91838
48204 36312
6298 95635
58662 34505
91608 71089
76245 64354
1800 20958
78249 97647
19608 90986
43013 42981
72970 90732
9497 42501
99872 54247
73591 740
72655 38191
46381 46222
98886 19683
31671 10937
45442 5184
92625 90333
71039 37051
58009 68870
82869 89191
80178 52610
95592 2477
9561 23191
65692 84914
39161 19058
36150 81917
20108 29105
91679 8805
44841 82841
93778 90565
12101 76512
66845 39220
92623 4726
89948 37885
43428 66985
19595 72817
75294 23606
46798 31539
16454 84855
20265 28842
27111 71967
1072 72767
97925 47219
46412 9103
99668 42766
19278 40190
95763 11769
32847 86123
40360 88386
71723 22795
95612 83789
7395 91319
39210 87258
88465 70545
15740 55664
27632 25082
97850 42851
6423 45056
54160 95775
38541 52835
9378 70180
81950 57819
60294 5141
9879 14797
53945 17007
17148 81603
89274 49557
53168 40895
27793 28484
501 41633
66716 59885
19088 44485
89541 64566
76693 25511
94699 60053
30234 15234
89405 4077
25570 28536
59685 49699
83058 51801
33404 13630
79540 206
41102 39030
83867 32708
74341 85247
45132 84368
45205 57409
21975 64220
6084 51098
11152 98668
30254 783
21212 57738
86274 19659
85711 63134
14935 45959
59590 68769
68976 64692
3722 39130
88190 26430
11677 87589
88309 62531
19941 73161
37381 49866
965 58268
73289 43465
60600 28469
86207 3543
39555 81812
44946 72481
18440 25266
94035 59882
24574 94382
49864 79363
22145 44648
48590 38054
16938 50174
23335 36899
3118 36879
11499 60717
20534 4083
32552 84788
4684 81135
79299 35111
7592 44239
69505 24246
480 42384
53119 79892
59256 25054
86054 2983
41038 97753
47928 34644
87896 57976
11207 71263
48332 91014
11449 39058
23847 85219
66354 60353
95464 44883
89122 45653
86251 19408
61792 74979
54871 86731
28137 31263
34247 30479
28233 14192
48836 91637
65965 76161
63776 53084
44098 77172
32582 28461
13680 55547
15900 56429
17664 96386
58391 11364
47124 6786
81765 44643
47726 8917
56532 52989
83468 92216
6408 90779
82416 11701
4214 71596
24681 64733
58257 67991
96452 85131
40679 90840
63621 26484
22870 72931
84296 81286
4424 81261
42256 47772
56689 2542
55531 89983
82199 13222
20353 38999
67053 4959
92907 19122
83855 71267
39258 33940
19072 42113
32953 52062
78546 76103
49034 96574
94212 17768
15382 49682
97455 98637
1179 57638
63973 70496
70 56710
12061 62524
83835 20424
39546 79114
66734 76743
10683 39753
98218 22344
90759 46107
22210 31171
44098 69305
3426 71245
20927 38310
36947 18808
76446 18382
5231 54478
11188 56772
19296 5301
25725 39602
35068 19484
96227 81623
37729 1802
24147 23262
69370 35947
67119 31258
563 7932
79177 27569
65879 3989
39149 16457
51191 19179
73657 31948
88720 56422
61724 1198
40800 24368
43852 3801
85425 75868
94023 56431
79694 23154
75453 34522
65780 65416
89700 42572
86493 82695
3037 68878
1687 68725
87904 42186
74134 52878
25653 77913
79111 62854
3575 87377
91178 36263
28484 47427
3859 92955
32461 22507
73381 99905
81673 7915
66839 39161
21856 71373
56603 53333
22058 41245
83432 74642
43873 26314
20579 73918
53125 69526
73255 16043
52306 56700
20479 80785
73741 97142
36001 40690
40595 22554
46821 9382
48543 38620
26346 13661
83346 86752
27997 99301
73944 21756
48070 27781
1700 34169
3695 85001
1044 54825
11525 93302
74087 69703
66845 32004
72695 64180
86735 2847
12229 29642
84615 33556
63569 77125
63877 10961
26614 46915
68671 8226
36008 16910
51079 33093
34447 37708
92533 71126
64428 35491
5194 20410
52414 38516
19048 88392
7591 41461
71104 5783
55692 36172
13297 72071
83032 19261
82529 93526
1753 25998
42909 67552
646 54113
91821 10340
81467 51445
86936 706
21116 62247
763 8483
13227 73530
31344 36164
41947 20818
56990 18800
90871 13991
33253 70288
80166 90255
16253 32134
99686 81919
52384 59162
69503 16684
68129 44205
44911 67322
29569 71418
79901 66027
55910 46685
82849 93128
30298 3606
22406 41148
55140 87288
73928 13277
3532 4745
36879 54095
52366 19785
95300 52917
69602 4751
65308 81155
48477 54083
25501 26572
8951 78046
24731 5402
14882 81213
84819 7580
48729 45180
48821 7225
----
----
