100
6 6 2 1 1 1 1 1
8 6 2 2 1 1 1 1 1 1
8 5 2 2 1 1 1 1 1 1
20 7 2 1 1 1 1 0 0 0 0 0 0 0 0 0 0 0 0 0 0 0
9 6 2 2 2 2 2 2 2 2 2
9 12 2 2 2 2 2 2 2 2 2
4 2 1 0 0 1
4 187 6 0 1 4
5 4 2 0 2 0 1
3 256 8 8 7
5 5 2 0 1 1 2
8 241 6 6 3 1 1 5 4 4
9 1 0 0 0 0 0 0 0 0 0
9 165 1 1 5 4 0 0 7 1 6
5 3 0 0 0 1 1
6 1048576 0 16 19 14 20 19
7 5 1 0 2 1 1 0 2
5 321 1 5 6 1 0
8 246 6 4 3 4 4 6 0 3
5 393 0 5 5 4 0
7 2 0 0 0 0 0 0 0
6 128 6 1 4 6 1 7
9 1 0 0 0 0 0 0 0 0 0
6 146 5 4 2 3 1 4
8 268435456 19 2 5 17 19 22 28 4
7 5 0 2 2 1 2 1 0
8 207 4 7 2 7 1 6 6 2
5 3 0 1 0 0 0
7 485 7 4 5 7 5 8 7
6 2 1 1 1 1 1 0
9 300 5 6 0 6 7 7 7 8 8
7 3 0 0 0 0 0 0 1
8 189 1 7 7 6 4 5 2 7
7 169 6 6 7 6 5 6 6
8 197 7 2 6 5 6 4 1 5
5 331 0 0 7 7 1
8 147 5 4 6 3 6 0 1 1
5 134217728 12 23 15 3 25
6 375 7 2 4 5 0 6
6 185 7 2 6 0 5 7
8 4 0 1 1 1 1 1 1 2
5 3 1 1 0 0 0
5 33554432 23 4 2 15 19
8 477 8 2 4 2 6 4 3 8
9 150 2 3 1 7 3 6 4 7 4
9 65536 4 14 14 12 16 13 4 13 12
8 227 2 3 7 4 6 4 3 5
8 2 1 1 0 1 1 1 1 1
6 4 2 2 1 0 1 2
9 2 0 1 0 1 0 1 0 1 1
15 262144 14 13 14 6 5 18 14 17 17 15 16 16 5 18 1
19 512 3 6 8 1 9 0 2 0 6 6 4 5 2 9 9 4 2 1 1
12 1 0 0 0 0 0 0 0 0 0 0 0 0
17 418 0 1 3 1 3 6 6 4 5 6 6 7 1 4 4 7 7
15 395 8 2 6 1 6 6 0 2 2 5 0 3 0 7 3
16 2 1 1 0 0 1 1 0 1 0 1 1 1 0 1 1 1
14 229 3 5 1 7 7 3 6 6 5 3 6 0 0 0
13 216 0 1 1 4 2 1 2 0 7 3 6 3 2
11 32 5 3 0 2 0 5 4 5 0 4 5
19 2 0 1 0 1 1 1 1 0 1 1 1 0 0 1 1 1 0 1 1
17 33554432 24 25 20 20 11 21 21 17 5 23 20 24 3 15 12 7 5
13 246 1 5 4 3 3 0 2 1 0 0 3 4 6
16 3 0 1 0 0 0 0 0 0 1 1 1 0 0 1 1 0
15 1 0 0 0 0 0 0 0 0 0 0 0 0 0 0 0
10 303 5 6 4 3 0 5 1 2 3 1
18 148 6 4 5 1 0 6 7 2 7 5 7 5 4 4 6 3 6 2
18 319 6 0 4 3 6 0 8 6 6 4 0 4 0 4 8 3 2 7
10 176 6 1 0 2 2 0 7 0 2 4
12 359 5 8 7 0 7 8 6 7 7 4 4 5
11 170 6 3 2 0 0 2 6 2 0 6 1
18 2 1 0 1 1 0 1 0 1 1 0 1 0 0 1 1 0 0 0
15 235 1 2 5 6 5 5 7 1 7 5 2 5 5 5 3
12 491 4 5 0 6 1 7 7 4 8 6 4 6
16 283 6 0 8 8 3 8 8 4 6 8 4 1 2 2 8 0
17 165 3 4 5 5 1 5 6 1 7 5 7 7 5 7 2 4 5
20 268435456 2 16 17 4 26 11 18 9 26 27 14 19 25 0 25 24 28 4 6 2
20 148 0 5 6 4 7 3 3 5 6 2 5 5 6 2 2 2 7 4 6 6
20 230 6 7 7 0 7 6 2 5 7 0 5 1 1 4 7 0 1 6 1 2
20 509 0 5 4 6 6 3 3 7 4 8 6 3 4 2 6 5 5 6 8 3
20 4 1 2 2 2 2 0 2 2 0 0 2 2 2 0 2 2 0 1 0 0
20 447 1 1 7 5 6 6 0 8 7 7 6 0 4 2 3 8 6 4 8 6
20 217 3 6 4 3 3 0 6 6 3 5 1 3 5 0 5 7 5 7 7 7
20 64 6 4 1 0 3 4 0 6 6 1 3 2 1 3 3 4 3 3 3 6
20 199 7 7 5 6 6 0 0 1 2 4 4 5 5 3 2 2 5 3 7 4
20 224 6 2 2 4 2 5 7 6 7 6 7 1 2 3 6 7 1 0 5 7
20 4 2 0 2 1 0 2 0 0 0 1 2 2 0 0 1 1 0 1 0 0
20 128 6 4 1 2 4 5 1 7 1 2 2 3 5 4 6 3 3 6 7 7
20 226 2 2 1 2 0 2 6 7 5 2 4 7 2 5 1 0 0 4 5 3
20 2 0 0 1 0 0 0 0 1 1 0 1 0 1 0 1 1 0 1 0 1
20 250 3 3 0 4 7 1 7 3 5 6 5 5 5 4 5 5 3 2 6 4
20 2097152 2 21 20 20 8 18 19 19 20 21 21 13 1 11 15 3 5 17 18 9
20 512 1 6 1 6 4 8 4 3 0 4 2 9 1 3 7 6 8 2 7 8
20 4 0 1 1 0 2 0 2 2 1 1 2 1 2 1 0 1 0 2 2 2
20 137 0 2 0 6 2 1 6 3 1 5 5 7 1 6 4 0 2 7 3 6
20 1 0 0 0 0 0 0 0 0 0 0 0 0 0 0 0 0 0 0 0 0
20 459 6 6 5 4 5 1 7 5 5 2 4 8 8 7 3 0 5 5 8 2
20 402 7 4 2 4 0 5 4 3 8 2 3 3 4 8 4 5 5 7 6 2
20 207 1 3 4 4 1 5 6 5 4 7 2 0 4 5 5 1 7 6 7 6
20 325 6 1 6 2 6 3 2 8 4 0 8 2 7 6 4 8 2 7 2 6
20 307 7 4 2 8 2 3 0 6 0 7 4 7 2 6 2 5 4 5 0 5
