100
6 6 2 1 1 1 1 1
8 6 2 2 1 1 1 1 1 1
8 5 2 2 1 1 1 1 1 1
20 7 2 1 1 1 1 0 0 0 0 0 0 0 0 0 0 0 0 0 0 0
9 6 2 2 2 2 2 2 2 2 2
9 12 2 2 2 2 2 2 2 2 2
5 320 1 2 8 8 3
1 253 2
4 16 0 1 3 1
1 413 5
5 2097152 0 15 18 9 16
6 191 4 2 6 7 7 6
5 139 6 7 6 0 5
7 244 0 3 1 0 4 6 7
6 389 6 7 0 4 4 1
5 326 8 8 2 3 2
7 232 7 5 7 5 4 4 3
5 2097152 14 21 5 14 18
9 5 2 2 0 0 2 2 2 2 2
8 1 0 0 0 0 0 0 0 0
8 255 2 5 4 4 2 3 2 1
5 398 6 1 5 6 5
6 2097152 8 8 20 3 0 10
9 524288 10 6 9 3 14 2 17 7 9
5 165 5 4 2 4 5
8 131072 9 17 16 17 6 4 16 16
6 467 6 1 8 2 2 5
6 4 0 0 0 0 1 1
8 370 4 4 6 6 2 7 8 5
8 3 1 0 1 0 1 0 1 1
8 390 1 5 3 4 4 2 1 7
5 349 4 7 0 1 8
9 442 5 5 3 7 1 1 0 7 6
7 441 7 6 6 0 7 1 4
5 305 5 2 4 0 5
6 419 7 0 7 6 4 1
9 321 6 0 6 7 3 8 3 0 1
6 4 0 2 0 1 1 0
7 2 1 1 0 0 1 1 0
5 271 8 4 6 8 4
5 512 8 1 6 5 9
7 155 5 3 1 6 2 5 5
7 16384 1 10 9 7 6 12 3
8 1024 4 10 7 7 3 5 2 10
9 420 2 6 1 6 4 8 7 1 8
8 1 0 0 0 0 0 0 0 0
6 1 0 0 0 0 0 0
9 186 2 3 4 0 4 7 0 4 1
9 128 1 4 6 7 0 2 0 2 0
5 160 6 0 3 0 0
19 289 4 2 6 7 8 0 0 0 2 7 3 6 5 8 7 0 6 3 6
12 5 2 2 2 0 1 1 1 1 1 2 2 2
18 219 4 2 7 7 3 2 5 5 7 0 6 5 0 4 6 7 3 7
10 381 5 5 4 4 6 3 2 3 1 6
19 137 2 6 4 4 4 3 6 4 6 6 7 6 2 6 2 3 4 1 4
11 304 6 6 8 0 7 6 4 6 3 4 2
14 425 5 7 8 4 2 8 5 2 5 8 2 1 0 3
17 508 4 3 8 3 6 3 0 3 8 0 3 4 2 5 0 3 5
14 336 1 4 3 7 1 2 0 1 1 7 3 8 7 5
15 131 6 4 6 4 4 6 2 0 5 3 4 4 6 2 7
11 128 3 0 3 5 7 3 6 7 1 1 2
11 268435456 27 19 2 0 25 27 25 26 7 0 26
18 3 1 1 0 1 0 1 1 1 0 1 0 1 0 1 0 0 1 1
13 3 0 0 1 1 1 1 0 1 0 1 0 0 1
11 232 4 3 4 7 5 2 7 3 2 7 1
13 178 1 1 6 0 7 4 5 4 5 2 4 1 0
18 319 7 2 3 8 7 5 3 7 8 8 8 5 2 7 2 4 2 0
17 327 0 5 0 4 3 6 0 6 2 2 5 6 8 5 6 8 7
18 462 8 1 5 4 8 0 3 5 7 8 2 6 2 1 0 8 1 2
10 4 1 1 1 0 0 2 1 0 1 2
11 496 7 5 7 6 8 0 6 0 2 6 5
14 134217728 25 25 12 20 23 2 3 25 18 20 27 7 7 27
14 381 2 7 7 4 3 5 3 2 4 8 1 5 6 0
11 279 6 7 3 6 0 8 2 4 1 2 8
18 270 6 2 8 3 6 5 5 1 4 5 2 1 1 5 5 0 2 8
20 1 0 0 0 0 0 0 0 0 0 0 0 0 0 0 0 0 0 0 0 0
20 179 2 2 5 1 2 3 3 2 7 4 6 7 4 6 6 4 6 6 4 3
20 1 0 0 0 0 0 0 0 0 0 0 0 0 0 0 0 0 0 0 0 0
20 402 7 1 4 6 5 6 5 5 4 8 8 1 6 1 6 1 6 2 0 2
20 1 0 0 0 0 0 0 0 0 0 0 0 0 0 0 0 0 0 0 0 0
20 8388608 4 17 22 14 8 15 3 2 12 21 21 3 20 6 8 13 1 5 15 23
20 204 3 7 0 0 6 7 4 0 6 4 2 0 5 5 2 4 6 3 6 2
20 323 6 6 5 2 2 7 5 4 2 7 0 5 0 2 3 5 3 7 8 4
20 16384 11 12 7 12 1 8 12 13 8 12 11 3 10 14 8 13 3 7 3 9
20 8192 5 4 8 2 8 11 4 5 9 3 9 4 7 2 13 9 11 8 0 3
20 164 2 1 7 4 0 6 0 2 6 5 3 5 7 7 4 1 0 0 3 6
20 164 4 6 6 1 5 3 7 7 5 3 5 1 7 2 7 1 2 1 4 4
20 149 3 7 4 7 3 4 3 7 2 1 5 7 3 6 4 7 4 7 6 0
20 151 2 7 7 7 2 4 6 3 6 4 3 5 4 4 2 7 6 7 3 4
20 211 5 7 4 2 7 1 1 2 3 3 0 2 1 4 5 2 6 4 4 1
20 2 0 0 1 1 0 0 1 1 1 1 1 0 0 0 1 1 1 1 0 0
20 8192 11 0 6 12 13 10 0 5 7 1 5 6 10 5 4 5 10 0 3 1
20 420 2 1 0 1 7 7 0 4 8 6 0 4 6 1 1 4 3 8 6 0
20 2048 3 9 4 8 4 5 10 11 9 3 4 5 2 8 4 8 11 0 5 10
20 484 7 5 5 5 8 8 8 5 8 5 4 7 6 8 0 8 6 4 6 0
20 536870912 29 17 27 2 28 19 29 1 4 12 18 28 13 14 20 22 4 25 23 27
20 2 0 1 1 0 0 0 1 1 0 0 1 0 0 1 1 1 1 1 1 1
20 32768 5 10 9 2 12 10 10 13 12 5 4 15 12 15 6 1 2 15 10 2
20 2 0 0 0 0 0 0 0 1 1 1 1 1 0 0 1 0 0 0 0 1
20 2 0 1 1 1 0 1 0 1 0 0 0 0 1 0 0 0 1 1 1 0
