4
144 16 48 144 16 48 144 16 48
128 1 32 128 2 32 128 3 32
192 64 96 192 64 96 192 64 96
144 16 48 144 16 48 144 16 48
128 4 32 128 5 32 128 6 32
192 64 96 192 64 96 192 64 96
144 16 48 144 16 48 144 16 48
128 7 32 128 8 32 128 9 32
192 64 96 192 64 96 192 64 96
144 18 112 208 80 25 54 144 48 135 38 147 80 121 128 97 130 32 137 32 160 144 114 167 208 0 32 192 100 160 160 208 96 183 192 101 209 80 39 192 86 48 136 80 114 152 48 226 144 112 160 160 149 48 128 0 112 166 215 96 160 128 41 128 39 153 32 209 80 101 136 35 192 96 200 67 80 112 208 68 96 144 48 144 81 81 16 53 144 48 128 96 224 144 48 128 103 128 38 163 208 80 0 37 224 209 0 32 135 48 176 192 64 112 176 192 104 192 101 128 89 80 82 32 150 48 149 48 224 208 16 48 224 192 33 128 0 114 176 135 0 80 112 169 137 32 148 32 192 96 176 144 32 192 96 193 64 80 80 96 192 96 144 88 48 217 16 16 80 112 176 224 176 129 48 128 40 208 16 37 145 32 128 96 196 96 176 136 32 192 32 227 176 144 80 96 192 32 176 192 80 98 160 145 80 48 224 128 48 144 80 96 224 183 128 48 128 36 224 144 51 144 32 128 105 131 64 112 136 32 192 36 224 176 224 208 80 64 64 116 192 83 96


