10 10 20
12 -21 -55 14 -31 23 3 7 9 -50 
7 7 9 7 9 9 12 9 10 13 
-51 -53 -2 37 27 -34 -39 -37 40 -8 
12 9 8 11 6 9 9 9 12 13 
-44 -33 -22 18 9 -14 -44 -2 13 -8 
10 12 11 11 9 9 11 7 8 10 
-20 35 -13 33 -49 -15 -13 9 -7 -9 
11 8 7 8 12 12 11 7 10 11 
-32 29 -1 1 -15 11 21 -24 -47 -11 
13 8 9 7 8 12 8 7 11 7 
-40 -16 3 -51 -25 22 -49 18 31 -34 
7 10 6 12 11 7 11 7 6 8 
35 6 -19 0 12 0 19 -24 -3 -5 
12 11 10 12 12 9 13 13 7 7 
32 -2 28 -10 -46 -46 3 -34 33 -33 
8 8 12 11 6 10 13 8 13 8 
4 -31 -18 -7 28 40 -14 -53 -5 36 
10 12 10 10 11 10 13 10 10 7 
-21 -2 44 -37 -17 -55 33 -28 12 -27 
11 6 9 13 11 12 7 11 8 11 
-39 -20 -4 -55 -6 -36 1 43 -52 -31 
6 10 7 11 12 9 11 11 13 9 

