10 10 80
-41 -52 -7 -55 3 -37 25 41 43 26 
11 12 7 11 6 12 8 10 12 9 
35 2 3 36 -40 33 1 -44 -53 -21 
6 13 6 12 8 12 9 7 11 12 
-11 -39 26 43 -33 -4 -34 44 2 21 
10 11 9 6 6 12 9 11 11 6 
-54 34 0 -32 -53 30 27 30 33 -29 
7 11 6 10 7 8 7 11 6 7 
13 37 -30 0 -21 -6 -14 -43 -10 5 
12 7 9 13 13 10 13 7 11 11 
11 -6 38 40 42 -39 31 -50 33 27 
13 12 8 11 10 13 8 13 7 9 
30 -2 -43 -47 -23 -10 -42 1 -34 3 
12 12 7 6 10 12 7 7 13 8 
18 11 -11 4 37 -16 -2 -31 -1 -45 
7 7 8 7 8 12 6 8 9 7 
3 36 -53 -30 22 -41 -41 -31 -21 19 
10 13 7 12 13 7 12 7 11 12 
8 13 37 30 -53 25 -42 -28 -53 44 
13 7 13 10 13 10 11 11 9 6 
-50 38 -30 -24 37 -13 -33 31 9 -55 
9 6 11 12 12 8 9 7 13 6 

