10 10 70
12 30 -5 -15 39 40 -31 -36 -30 21 
12 8 12 9 8 12 7 9 10 8 
9 -36 -3 -55 32 5 -29 -45 2 15 
9 6 9 9 12 10 11 8 12 11 
32 22 19 -30 -28 -26 -27 -32 -35 -53 
8 9 10 7 11 9 11 6 10 8 
-39 -25 -29 -44 16 -44 -8 -2 -35 35 
10 10 9 10 9 12 11 10 7 12 
23 10 -48 22 -55 3 -16 -52 5 2 
10 11 10 7 13 7 8 10 10 7 
29 -50 -15 -44 -51 -20 1 17 -5 -32 
11 10 6 8 11 12 11 7 13 11 
6 41 -33 -38 -43 -38 41 30 -14 -32 
7 11 11 13 10 6 13 11 8 6 
-21 -1 17 2 14 -23 8 -48 28 -44 
9 9 6 9 8 13 12 8 13 11 
20 4 -30 -34 15 -29 -21 -50 28 -5 
12 13 11 7 12 11 12 10 7 6 
-50 7 -7 26 -55 -42 -14 0 0 -13 
12 9 11 6 12 6 9 6 7 6 
-42 20 17 -37 -45 -38 -23 -43 40 14 
13 6 6 11 8 7 11 12 7 7 

