10 100 500
-4 -15 -11 3 -20 4 37 -50 9 26 -52 -26 20 -47 37 42 -6 1 6 -28 12 -14 -26 -15 -42 19 -54 22 -40 28 -42 37 -31 -54 37 4 15 -27 -28 29 20 31 43 15 32 -8 -51 -52 -34 8 -49 8 -45 16 34 -15 9 -13 -36 -42 36 -51 -37 -23 -5 -50 20 -16 -52 -33 43 -8 29 -7 16 9 -42 20 -10 -43 -9 23 14 7 -36 30 34 -11 10 -15 -10 -47 -37 15 -54 -32 -23 17 -3 32 
8 9 11 13 13 13 6 7 13 11 10 13 9 6 13 11 7 13 7 7 10 12 6 10 11 12 8 6 8 8 11 9 12 10 10 9 6 13 9 8 7 12 11 11 6 10 9 13 7 12 6 9 12 12 9 7 9 7 11 6 6 9 10 12 9 7 12 10 10 6 8 12 11 11 10 7 8 10 13 11 11 10 6 11 12 8 6 10 6 12 8 9 13 9 12 7 7 9 11 8 
35 -5 7 -21 38 -2 -39 -3 -47 7 -22 -1 -52 -21 -52 1 -7 -31 -38 -42 -46 -27 -55 25 -37 3 -5 0 6 9 -52 21 -12 -46 -53 6 34 -7 27 -2 19 -35 -53 -32 -24 14 23 4 -47 -36 16 -52 -10 26 -51 37 30 -42 43 34 -33 -17 -18 -45 6 -21 -47 6 4 38 -40 14 -18 14 3 -55 16 9 -38 -40 0 -40 -25 -16 -43 33 27 -1 30 -45 29 19 25 -40 -4 -14 -40 24 -45 43 
7 10 7 10 10 7 7 6 11 12 9 9 10 6 8 6 13 11 12 13 11 9 7 13 6 7 10 11 8 12 11 11 12 6 10 7 9 6 13 6 11 11 8 6 10 12 8 13 7 10 10 12 11 12 7 6 11 13 12 7 10 11 7 8 13 9 12 10 12 8 9 9 7 10 6 12 8 7 10 10 8 11 10 6 12 7 10 6 9 6 9 8 13 12 8 6 9 10 11 13 
-17 -32 -37 11 4 43 31 41 7 -22 3 -33 -9 37 -18 -30 -8 3 -53 -48 43 -25 37 -55 23 44 -3 -7 27 -15 -40 20 7 12 -19 42 -37 42 -27 -4 -39 -25 -6 -30 3 -26 -35 -15 5 -8 7 0 20 37 6 -1 43 -9 -41 -9 33 14 -17 8 20 -40 -34 20 -40 -27 -21 15 -50 9 2 7 6 -31 -6 14 -25 -32 -5 -22 -30 -45 -18 -19 -18 23 38 -19 -41 9 36 -6 -20 -50 -18 -51 
7 13 6 8 6 6 7 11 6 11 10 8 10 8 10 10 7 6 12 9 13 9 11 7 9 11 11 7 6 8 13 7 6 12 11 8 11 10 13 11 11 7 10 6 12 13 10 8 12 12 12 9 12 6 12 13 13 10 8 10 12 13 10 8 10 11 8 9 7 11 11 9 8 12 13 8 7 10 6 13 10 6 8 13 6 13 10 13 13 8 10 12 13 12 7 12 12 10 13 10 
32 -23 1 19 -8 -34 28 -33 -24 21 28 -7 -32 27 -37 21 -35 -44 27 1 35 -30 -31 31 22 14 -12 -21 22 13 13 36 41 28 -27 -28 -29 16 42 -43 -52 -28 -47 -10 -47 30 -17 -18 -12 -42 -54 -5 -27 -44 -5 -6 37 -1 14 26 10 12 -42 38 -21 17 17 -25 -54 -13 22 22 15 -53 9 26 35 -32 -18 -32 24 40 14 -28 -13 -45 27 3 -29 32 15 -27 -4 3 -42 5 28 31 -13 -45 
6 6 8 7 12 13 9 7 8 7 7 12 12 12 8 11 13 10 13 12 7 9 11 9 8 8 7 6 8 6 6 10 7 6 12 13 8 13 11 10 12 6 6 7 10 8 6 10 13 6 13 6 6 7 9 7 13 7 11 10 10 6 9 9 8 7 9 6 12 12 7 13 10 8 9 6 10 13 9 11 9 8 10 7 10 9 6 8 6 7 7 7 10 11 13 6 8 11 8 9 
16 22 18 38 -35 42 -29 21 35 27 23 4 -37 34 4 -6 -31 17 25 -47 12 -47 22 -52 15 -48 41 19 -33 -44 -36 6 1 35 8 28 -39 -23 -3 -14 -1 -42 7 41 5 -40 -51 44 -19 25 43 -23 32 29 -15 -38 -49 15 -14 27 -6 -32 3 -50 -34 40 41 -39 23 23 24 3 22 -5 -48 -26 26 40 23 21 -2 44 29 10 38 -47 17 -12 -26 -41 13 0 36 18 -33 -7 -4 31 -11 -9 
7 11 11 10 8 13 11 6 8 11 9 13 11 7 6 10 10 13 13 8 8 9 13 8 10 7 7 7 7 11 8 12 12 10 9 9 11 8 13 7 12 11 11 7 12 8 13 6 6 13 8 8 8 7 13 9 7 13 7 8 13 13 6 12 10 13 11 12 8 12 13 10 12 10 11 7 10 13 11 13 8 13 11 8 6 11 6 7 11 13 9 10 12 13 6 12 9 12 8 11 
-33 -20 -12 33 -2 -23 -8 25 -29 23 -5 -54 6 44 0 8 -39 18 6 -10 18 19 -5 -2 26 32 44 -45 -12 10 17 -26 26 -43 21 26 -8 35 16 -50 17 -23 34 -35 10 -24 3 38 -49 23 -7 -49 16 11 41 42 -35 39 -26 33 -46 29 14 23 -38 -40 -29 29 13 -49 -27 42 -37 35 44 30 31 44 -35 -45 16 -42 -40 30 -37 25 -24 12 32 -11 31 -48 5 -28 19 -24 -3 16 13 38 
11 7 13 10 11 12 6 12 11 6 12 7 12 10 9 7 13 11 11 6 9 7 11 7 11 8 13 7 7 6 10 13 11 11 10 11 6 8 6 13 7 6 6 10 9 7 6 9 6 13 6 6 9 11 9 13 9 11 6 13 11 8 6 9 6 6 13 11 13 6 13 10 8 6 7 6 13 8 11 8 6 10 11 8 10 6 10 10 8 11 10 8 8 11 7 6 13 6 6 9 
0 11 -14 33 26 13 -40 41 -30 -46 -43 -19 0 7 -12 -13 -34 -33 -43 -7 -37 13 -38 -41 -5 35 -20 4 14 40 -52 -15 24 44 -50 36 6 26 -3 -2 -22 -26 32 -13 -2 28 -35 -41 -37 -11 8 -26 -3 9 14 15 -50 -8 39 32 -29 21 -32 -15 24 35 33 -45 16 -10 -34 15 28 34 0 23 24 -49 7 -20 32 41 -22 33 -20 24 38 35 7 10 -54 -50 -48 12 14 -21 16 2 43 -10 
11 8 12 10 10 9 10 6 7 9 8 10 7 9 11 10 9 9 11 9 7 11 11 11 8 13 11 12 10 13 13 13 7 8 13 8 6 12 12 9 11 8 6 8 9 8 10 13 7 12 10 11 8 11 13 8 8 12 9 11 11 6 12 7 8 9 13 7 7 12 6 10 7 8 6 10 11 13 12 7 6 12 6 9 12 13 11 6 10 9 13 9 9 10 11 12 7 10 13 7 
-18 36 1 40 5 -54 38 -23 -19 25 20 -48 29 19 -36 35 21 -14 -4 -26 35 19 17 36 34 32 35 -16 38 -2 8 26 -52 -50 21 24 40 -16 13 43 28 -16 -40 -34 38 -29 -33 -17 -27 26 44 23 36 -32 -12 -21 -12 -6 -53 -48 -53 -14 32 -9 36 -18 -42 -55 -39 35 7 -20 -29 -45 22 27 5 34 -50 19 8 -33 40 11 5 -17 33 -44 -10 12 -30 12 34 -13 8 -8 -53 -38 44 -32 
8 9 6 9 8 10 8 13 6 11 9 8 9 13 10 9 13 10 13 9 10 9 8 13 6 13 13 11 13 8 7 10 8 12 7 7 11 11 8 13 12 7 8 13 9 12 8 7 8 13 6 8 13 12 9 12 8 6 12 13 13 6 7 12 8 9 10 8 8 11 11 13 11 7 10 7 10 12 11 7 7 6 12 13 12 11 8 7 6 8 11 8 10 10 7 12 7 9 6 11 
15 -24 -8 -44 14 43 43 -52 -3 24 -2 -12 -33 33 8 -21 -5 -33 -15 -44 37 -4 25 22 -39 21 23 -35 -40 -7 43 24 -20 2 28 7 -53 7 -35 15 -33 18 -14 31 33 -38 -38 37 43 12 -6 10 34 -23 -36 26 -52 -25 -27 -24 34 -3 -25 17 9 -48 40 -27 26 35 -45 22 16 -19 4 -12 -15 -22 -18 38 -25 19 38 27 -52 6 35 7 -48 42 -4 -32 35 -38 -15 -52 11 28 6 4 
11 8 9 11 7 6 7 7 9 8 8 11 13 11 9 13 13 13 6 9 8 10 8 11 12 11 10 10 9 12 12 6 8 13 7 12 13 11 10 7 8 8 12 8 10 9 11 9 6 6 12 7 13 7 12 7 8 13 7 10 7 6 7 11 7 13 8 9 12 10 9 8 11 6 13 13 11 9 11 9 12 7 10 13 9 9 9 8 11 8 7 13 6 7 6 8 7 10 13 10 
37 12 -7 14 -25 -44 -41 35 -28 -12 -51 44 19 40 -49 3 34 3 -46 34 -8 -15 -37 9 20 -29 34 -52 11 -43 -15 15 21 40 -14 31 -4 -46 32 28 30 35 -5 31 0 26 -27 -53 22 7 -31 10 17 -23 30 -27 -9 34 23 28 -30 10 5 -10 23 -34 0 -35 -28 18 -21 -4 20 -19 -21 -54 -18 -45 19 35 1 16 25 -20 -10 27 -30 -37 18 -43 -18 43 -50 7 -38 37 -16 -8 -9 -52 
13 9 13 8 11 11 8 13 11 6 9 12 6 11 6 12 7 12 6 9 11 11 12 7 12 12 7 6 12 9 8 7 8 13 11 13 10 11 10 7 12 8 6 13 10 6 7 9 7 10 6 9 11 8 9 10 11 13 7 7 9 6 13 9 6 7 7 9 13 6 11 13 10 10 11 7 11 6 9 12 6 10 8 11 11 12 8 12 11 10 11 12 9 11 6 6 7 7 10 11 
12 -48 22 29 -51 35 -21 36 -34 30 -21 35 -13 43 31 -37 -34 -31 42 21 -1 14 -47 -28 38 13 11 -53 -17 -55 -36 -37 35 29 -16 1 -47 -23 23 -41 32 -16 19 -35 -28 -1 33 -14 43 -13 -53 -34 -51 -9 1 -46 -22 -47 6 -22 31 -51 30 -13 -13 5 6 -35 -12 23 32 -42 8 36 -21 -40 1 6 -43 -44 4 -4 -17 15 -31 -48 -48 29 -4 -54 34 3 -14 35 -42 -43 0 5 38 17 
8 10 13 11 8 9 9 6 10 7 11 13 7 9 10 9 7 6 8 13 6 13 12 7 6 13 12 7 13 12 6 13 9 12 9 8 9 11 7 12 13 10 6 12 9 8 8 9 6 7 7 9 9 8 13 11 8 11 11 10 10 10 8 8 7 6 13 13 8 9 6 8 8 6 11 13 11 6 8 8 13 13 10 9 7 12 11 9 6 8 8 11 12 10 9 6 10 8 8 11 

