10 100 500
20 -55 -43 -55 -4 21 24 -12 22 34 6 30 17 -21 -11 6 8 -51 -9 33 -47 2 -25 -32 9 19 -9 -18 26 -37 -44 37 36 -23 -32 6 36 6 -25 43 14 36 -55 24 -38 -38 -41 40 -14 -19 12 -27 -2 -46 18 26 -52 14 -39 28 12 30 -53 -25 2 26 12 -45 11 32 16 22 -10 9 -17 16 -8 -40 37 -44 2 -50 -2 16 25 -15 -25 20 -35 35 22 43 31 -51 34 -24 -11 33 -45 -37 
13 9 13 7 13 13 10 10 10 11 8 12 7 12 7 12 6 6 12 12 11 8 11 13 10 13 7 11 6 12 7 11 12 7 11 10 6 12 8 8 12 9 7 13 8 11 13 10 9 8 7 11 11 11 12 11 13 8 7 9 11 8 13 10 12 7 12 6 7 13 13 7 10 10 11 8 11 6 12 11 10 7 8 6 6 12 7 6 7 10 8 12 13 13 8 7 7 9 7 11 
9 -52 40 7 26 -9 -46 -7 13 -31 -44 -1 -20 -28 -22 -15 7 -28 22 -38 -15 -13 -55 -55 3 21 -1 -20 -25 -24 40 -18 -32 -33 -28 -26 -44 -44 -1 25 -2 38 -34 30 -27 -12 -55 0 16 15 -3 20 -24 -15 -21 -15 31 -21 -7 -16 10 41 -43 7 -3 -24 32 9 2 -7 1 15 -5 27 -54 38 44 -23 -11 -24 20 -51 -5 -29 11 -17 -54 -32 -12 -14 25 40 -37 4 8 -27 -26 33 -1 -42 
9 7 8 13 7 11 8 9 10 9 6 6 9 7 10 9 11 10 10 9 7 7 11 8 8 10 6 7 11 13 7 9 11 11 10 12 7 6 7 11 10 6 8 7 11 10 7 6 6 12 6 12 11 8 9 10 13 13 7 13 6 7 9 9 9 12 9 13 8 6 7 8 7 8 8 12 8 13 9 10 9 13 10 6 11 9 6 12 12 9 9 11 8 12 11 10 11 8 13 8 
1 22 -52 -13 -55 -44 -30 -12 40 -39 -40 -51 -49 13 -14 -20 43 -30 -42 -32 -43 -37 2 41 -16 31 39 -9 -12 -33 -44 25 0 3 -8 15 35 18 -28 -42 -1 41 17 -5 -14 -14 -9 -30 -42 -31 -26 40 -52 39 38 12 32 -15 24 -14 -30 -21 5 -55 -48 -34 37 38 -38 -38 -52 -12 38 -16 -44 -30 -27 23 -7 -5 37 -11 -1 -32 -2 -19 -8 -9 -29 6 -51 -17 16 31 -50 44 1 -27 12 -4 
9 13 12 11 12 11 9 11 6 9 9 10 7 7 6 12 6 6 6 7 6 12 6 10 12 7 9 6 12 6 9 11 12 13 13 6 9 7 12 9 9 9 8 11 9 12 6 10 8 11 6 7 11 6 6 9 10 7 12 13 11 11 11 12 6 10 13 13 9 11 10 12 12 9 8 11 8 11 12 8 11 11 8 7 7 12 13 10 13 10 11 6 11 13 6 8 13 6 11 8 
2 -8 27 -17 -33 -32 -49 -49 34 1 -10 -4 -32 -37 -5 42 -19 36 -49 -45 -42 -4 25 -11 -12 -14 -10 23 -6 -50 -41 30 -28 -31 -51 1 -38 -28 0 -53 31 13 43 24 -44 34 3 35 20 -45 -23 34 41 -5 -43 -33 -26 17 -19 22 -2 21 15 30 -3 -4 42 -4 -54 -20 38 17 -39 -39 -27 -44 -30 -17 41 -16 -11 1 -29 -53 3 33 -34 31 -47 22 -27 24 -8 -6 25 -10 -27 7 -29 -36 
11 9 13 7 13 12 10 8 7 11 10 11 7 7 6 10 7 13 12 11 7 11 12 10 9 13 7 8 13 9 8 11 6 8 7 6 13 6 12 10 13 11 9 12 6 11 11 9 6 11 10 8 13 13 7 7 7 6 6 9 7 6 12 6 10 7 10 11 10 9 11 11 13 6 10 6 13 10 8 10 9 13 13 7 11 12 12 7 11 12 12 6 12 9 11 6 6 6 6 6 
-33 0 -42 7 18 29 5 -33 -2 42 -33 -5 -18 -38 -49 -24 42 -50 -19 2 44 35 43 30 -8 29 37 -30 41 0 -27 -17 -13 -27 40 -13 -18 -49 12 -2 38 -50 -9 -46 -31 -1 10 -16 -49 -46 37 44 20 -19 6 -8 -37 -42 -28 -43 41 -46 -14 -25 35 -21 -40 31 -32 11 -11 -19 -18 -39 38 -6 16 -11 22 30 -55 35 30 -30 -37 13 -49 -26 -47 -14 -30 -19 25 -39 15 29 -8 -27 -19 -51 
10 9 10 9 6 8 6 9 12 11 12 11 8 6 6 9 8 7 12 13 8 9 13 12 6 8 10 11 8 13 9 8 12 12 8 13 8 13 8 8 12 8 13 6 12 13 11 10 10 10 11 8 12 6 6 7 10 6 9 6 11 13 9 6 8 10 9 8 9 13 10 9 7 9 11 11 9 8 9 6 11 11 8 7 12 10 11 7 6 12 8 7 12 6 7 10 7 9 13 13 
16 -42 27 -15 -39 33 -36 34 -42 4 -4 16 28 9 -17 -43 29 4 -54 19 -22 4 -41 -6 40 -33 -14 -39 22 -3 10 36 -17 -45 12 0 32 -31 -33 -16 -14 -7 -51 -21 13 -14 17 13 19 21 -18 -22 -14 -10 -37 -40 19 -3 -9 1 -31 11 26 -11 -15 -21 41 21 -28 -50 -37 36 -14 10 36 16 4 -55 -38 -39 -12 -31 9 -50 2 -53 11 20 -9 -23 34 -9 -10 -52 -3 -54 -29 -2 29 -6 
12 11 8 7 8 6 9 7 9 10 6 6 8 6 10 12 8 9 10 12 9 10 7 6 6 7 12 8 8 12 6 6 12 7 12 8 10 10 7 11 8 8 12 11 7 12 8 7 13 6 12 13 10 7 9 7 6 7 12 6 11 13 13 7 7 7 13 11 6 10 7 11 13 12 9 11 9 8 10 7 9 11 6 12 9 12 8 8 9 9 7 12 6 8 12 8 7 10 11 8 
-15 42 -13 9 39 29 15 -40 -55 -49 -49 -53 41 -22 -44 12 -40 -10 20 -1 -7 -36 24 33 -34 37 42 42 -46 -3 16 3 -33 4 42 44 44 -35 -35 -19 29 -43 -40 -2 30 -14 44 12 -47 -11 14 26 24 -47 -48 4 -49 -6 20 -29 -31 -48 19 29 -27 -9 -10 26 -41 -6 13 -17 -48 38 -51 -50 42 -38 0 -14 -12 -22 42 24 -19 0 -22 -1 -25 -3 -51 24 33 15 -1 17 21 -54 -40 31 
13 6 13 10 8 8 7 12 12 11 13 8 8 12 13 11 9 11 12 7 6 9 12 12 6 7 8 13 7 12 12 12 8 7 10 9 9 6 11 6 9 7 11 6 8 13 8 8 6 6 12 7 12 10 8 12 10 13 12 6 8 9 13 8 9 6 6 11 13 12 10 6 6 11 9 12 13 8 9 13 6 10 6 7 9 6 13 6 10 8 13 9 11 11 8 7 9 11 9 10 
-25 -13 -20 34 18 25 18 22 31 26 30 -33 -10 24 30 -42 -20 -20 28 31 41 -7 30 -3 -34 5 27 -19 33 -36 -19 37 10 23 43 41 31 -44 21 -8 -34 -53 -10 -53 9 -16 17 2 15 -35 -1 4 25 43 36 5 -45 36 12 -22 20 -19 44 20 35 21 1 17 -52 31 12 -40 -13 40 11 1 31 -18 43 -29 9 30 10 -47 -15 5 -41 -1 -43 -3 -17 -49 -30 -25 -6 24 24 -42 -17 -38 
11 7 13 7 13 10 11 8 7 7 8 9 11 10 10 9 11 8 7 13 9 11 9 13 10 8 12 10 8 6 13 13 8 10 6 12 12 9 7 9 9 13 7 11 11 12 12 9 7 13 7 12 9 13 11 12 8 9 7 6 7 13 10 13 13 12 7 7 7 9 10 9 13 13 9 13 10 9 6 10 7 7 12 13 11 12 7 7 12 9 9 7 9 10 11 10 11 6 9 8 
19 40 -12 19 -39 -31 -44 30 -33 16 2 40 19 -17 28 3 40 -33 28 -24 -52 -23 -55 35 25 -47 -50 -53 3 -37 2 6 -35 -27 1 -42 -23 37 27 12 -35 3 19 32 39 28 9 9 -41 -9 35 -30 0 8 12 37 -24 -36 25 -37 -27 -7 -35 24 36 11 32 -47 -29 -30 4 -37 -35 -20 -41 1 -8 1 -21 5 -4 -47 23 39 34 -31 21 39 35 34 17 -36 -54 -53 -11 -32 -16 -46 -28 -18 
8 6 9 7 13 9 8 13 10 10 11 8 10 8 6 12 7 9 10 6 6 12 8 11 9 6 6 12 6 10 7 8 6 6 7 10 8 12 8 13 6 7 6 13 9 7 10 8 9 6 13 12 7 11 11 11 7 7 10 13 8 7 11 12 6 9 8 6 9 10 7 6 7 7 6 12 8 10 7 6 9 8 6 7 11 9 9 8 12 8 7 12 7 12 12 8 8 13 12 10 
-7 -2 -52 -48 -37 -22 -18 40 24 6 -11 4 6 -48 21 17 -10 37 17 -27 41 -44 -20 -20 -26 -39 -23 1 3 -6 -35 41 -31 -35 -29 -49 28 -10 19 36 33 -17 9 -51 22 -2 -13 -51 -32 -3 -30 -44 -13 -31 -6 -20 35 -9 -27 0 -51 -14 -46 26 24 -53 28 37 -23 -43 44 6 -8 -50 35 14 4 -27 -16 -27 25 16 23 -15 1 -7 -11 -10 -30 -45 43 -39 25 -40 9 -29 17 24 38 27 
11 6 11 7 9 10 12 11 6 12 13 6 10 6 12 8 12 11 9 7 6 8 7 7 12 9 12 13 11 9 12 8 8 9 10 10 6 13 9 10 12 12 7 6 6 7 11 8 10 11 9 6 6 10 12 7 9 6 12 10 7 8 8 9 9 8 13 6 12 6 7 13 8 9 7 11 12 6 7 13 9 11 10 11 12 12 7 6 7 13 7 8 10 9 12 11 6 11 13 6 
-26 -5 2 -50 10 -21 -6 39 37 15 -36 -38 -42 -2 -38 22 5 -50 -2 36 7 21 -1 17 -21 -39 -5 38 -10 -3 -8 -34 6 -11 4 11 30 -16 -37 -48 13 -1 -5 -23 44 -35 -20 43 37 -39 27 -26 -39 4 3 28 44 -20 2 15 16 -13 25 22 -49 40 31 -52 -3 -37 -20 30 -27 23 5 -54 -6 9 30 -29 2 -18 -14 -17 38 41 -22 38 13 18 -20 -46 41 26 6 -16 29 -32 44 -24 
7 8 12 8 13 6 7 13 10 9 9 6 12 12 8 13 6 12 12 11 13 11 8 10 12 13 10 9 10 9 8 12 9 11 13 11 11 7 12 12 8 8 13 11 11 10 6 9 6 12 12 10 11 11 10 11 13 11 8 12 6 7 8 11 10 11 13 9 11 7 13 9 7 7 9 6 7 9 10 12 9 6 6 10 8 13 11 6 11 13 11 9 11 9 9 13 9 9 11 12 

