80 50 100
12 -21 -55 14 -31 23 3 7 9 -50 -10 26 -28 6 36 40 -13 -28 -19 36 -51 -53 -2 37 27 -34 -39 -37 40 -8 -29 16 -17 14 -43 12 44 -20 39 -52 -44 -33 -22 18 9 -14 -44 -2 13 -8 
10 12 11 11 9 9 11 7 8 10 9 12 8 6 8 6 12 6 6 12 11 8 7 8 12 12 11 7 10 11 13 10 8 10 6 12 6 9 10 6 13 8 9 7 8 12 8 7 11 7 
-40 -16 3 -51 -25 22 -49 18 31 -34 -10 -31 17 15 -26 22 18 42 -43 31 35 6 -19 0 12 0 19 -24 -3 -5 -5 -14 -31 11 -25 -48 36 -48 -18 2 32 -2 28 -10 -46 -46 3 -34 33 -33 
8 8 12 11 6 10 13 8 13 8 13 6 7 10 9 9 7 8 12 9 10 12 10 10 11 10 13 10 10 7 12 11 13 8 8 10 10 13 9 6 11 6 9 13 11 12 7 11 8 11 
-39 -20 -4 -55 -6 -36 1 43 -52 -31 -47 -11 -46 34 -53 40 30 38 -12 -32 32 -41 -52 -7 -55 3 -37 25 41 43 26 34 43 -46 2 17 -33 -17 37 -17 24 35 2 3 36 -40 33 1 -44 -53 
8 6 13 6 12 8 12 9 7 11 12 10 6 7 12 8 9 11 9 11 10 10 11 9 6 6 12 9 11 11 6 7 11 13 13 8 7 12 11 6 8 7 11 6 10 7 8 7 11 6 
-26 13 37 -30 0 -21 -6 -14 -43 -10 5 -37 -2 -16 -32 24 41 32 -26 -6 -18 11 -6 38 40 42 -39 31 -50 33 27 0 -21 -41 -54 -39 16 31 8 -42 0 30 -2 -43 -47 -23 -10 -42 1 -34 
12 12 12 7 6 10 12 7 7 13 8 11 8 10 9 10 13 11 6 8 12 7 7 8 7 8 12 6 8 9 7 12 13 8 7 11 12 8 6 12 8 10 13 7 12 13 7 12 7 11 
15 8 13 37 30 -53 25 -42 -28 -53 44 -28 -30 -12 -31 -32 17 6 26 -52 -23 -50 38 -30 -24 37 -13 -33 31 9 -55 32 5 -42 19 15 15 -20 -22 -44 5 41 12 30 -5 -15 39 40 -31 -36 
11 6 12 8 12 9 8 12 7 9 10 8 6 13 6 6 13 10 12 8 11 8 9 6 9 9 12 10 11 8 12 11 13 7 8 7 9 11 6 13 6 12 8 9 10 7 11 9 11 6 
5 -53 -39 -25 -29 -44 16 -44 -8 -2 -35 35 -31 33 8 -15 -4 7 -26 -55 -42 3 23 10 -48 22 -55 3 -16 -52 5 2 -31 22 -47 -42 32 -54 -5 5 -27 38 29 -50 -15 -44 -51 -20 1 17 
12 13 11 10 6 8 11 12 11 7 13 11 7 6 12 7 6 11 6 7 7 13 7 11 11 13 10 6 13 11 8 6 12 12 10 7 7 10 9 13 9 13 9 9 6 9 8 13 12 8 
-44 -14 20 4 -30 -34 15 -29 -21 -50 28 -5 43 24 -54 38 -21 -18 -21 1 38 21 -50 7 -7 26 -55 -42 -14 0 0 -13 7 -44 22 -31 23 -3 -12 41 18 -15 -42 20 17 -37 -45 -38 -23 -43 
13 7 13 6 6 11 8 7 11 12 7 7 8 9 10 10 8 13 13 6 11 6 11 13 11 13 6 10 11 11 10 7 9 9 11 7 6 11 12 7 11 13 9 11 6 6 7 6 13 12 
-27 -28 29 20 31 43 15 32 -8 -51 -52 -34 8 -49 8 -45 16 34 -15 9 -13 -36 -42 36 -51 -37 -23 -5 -50 20 -16 -52 -33 43 -8 29 -7 16 9 -42 20 -10 -43 -9 23 14 7 -36 30 34 
6 7 10 11 10 12 12 7 9 10 6 6 13 8 9 11 13 13 13 6 7 13 11 10 13 9 6 13 11 7 13 7 7 10 12 6 10 11 12 8 6 8 8 11 9 12 10 10 9 6 
28 -20 -29 30 -17 -2 -26 -31 -7 -32 4 2 11 -11 0 -37 -29 -44 -30 0 -54 -6 41 29 -40 9 -13 20 -42 -13 41 -7 17 -29 -49 18 -26 -51 -50 -29 -43 20 38 10 -19 -19 -14 -41 39 1 
10 6 12 8 9 13 9 12 7 7 9 11 8 8 8 12 8 11 7 6 10 6 12 7 12 13 8 13 6 10 10 11 11 11 10 6 6 12 8 8 9 7 6 13 10 9 11 12 7 7 
-7 27 -2 19 -35 -53 -32 -24 14 23 4 -47 -36 16 -52 -10 26 -51 37 30 -42 43 34 -33 -17 -18 -45 6 -21 -47 6 4 38 -40 14 -18 14 3 -55 16 9 -38 -40 0 -40 -25 -16 -43 33 27 
8 11 12 10 12 10 13 13 11 9 13 12 8 7 10 7 10 10 7 7 6 11 12 9 9 10 6 8 6 13 11 12 13 11 9 7 13 6 7 10 11 8 12 11 11 12 6 10 7 9 
-27 24 9 -34 -50 -29 -39 -39 -29 11 32 26 9 -15 31 -34 7 -34 9 -46 -40 -53 18 -31 -14 -10 7 -32 -24 -49 13 -37 -53 -48 -48 26 -43 -19 -25 -41 -46 29 1 35 38 41 -3 -1 -10 -47 
6 9 6 9 8 13 12 8 6 9 10 11 13 12 13 12 8 9 8 12 10 12 7 12 12 8 6 11 11 13 8 8 13 8 12 10 6 12 13 6 6 8 10 9 13 8 13 6 11 8 
42 -27 -4 -39 -25 -6 -30 3 -26 -35 -15 5 -8 7 0 20 37 6 -1 43 -9 -41 -9 33 14 -17 8 20 -40 -34 20 -40 -27 -21 15 -50 9 2 7 6 -31 -6 14 -25 -32 -5 -22 -30 -45 -18 
6 7 12 7 10 8 10 13 11 13 7 7 10 7 13 6 8 6 6 7 11 6 11 10 8 10 8 10 10 7 6 12 9 13 9 11 7 9 11 11 7 6 8 13 7 6 12 11 8 11 
-55 40 18 34 6 17 13 3 -24 13 -29 -45 -33 19 24 -45 -3 27 36 40 9 19 9 -53 0 5 19 17 -34 -33 -8 22 34 -50 40 39 -5 -12 -1 26 -43 17 -16 -27 -43 7 12 -47 -40 -47 
13 13 8 10 12 13 12 7 12 12 10 13 10 9 10 10 12 13 11 9 12 9 6 13 10 9 12 8 6 10 13 12 6 8 11 10 12 11 7 9 12 11 10 10 13 10 13 10 13 8 
16 42 -43 -52 -28 -47 -10 -47 30 -17 -18 -12 -42 -54 -5 -27 -44 -5 -6 37 -1 14 26 10 12 -42 38 -21 17 17 -25 -54 -13 22 22 15 -53 9 26 35 -32 -18 -32 24 40 14 -28 -13 -45 27 
8 12 13 12 6 9 8 11 10 13 12 12 8 6 6 8 7 12 13 9 7 8 7 7 12 12 12 8 11 13 10 13 12 7 9 11 9 8 8 7 6 8 6 6 10 7 6 12 13 8 
44 -18 37 27 -27 -3 14 -11 39 -47 -3 -8 -23 -20 -47 9 42 -12 -6 -40 -14 34 -55 -43 -7 -32 -4 19 -22 36 -55 -1 35 42 -36 25 23 -24 -11 -15 32 44 -30 28 -17 37 38 -3 -44 5 
8 6 7 7 7 10 11 13 6 8 11 8 9 9 11 7 7 10 7 8 10 12 12 8 13 8 7 13 7 10 6 10 6 13 6 11 13 8 13 10 8 8 9 9 7 6 8 9 9 10 
-23 -3 -14 -1 -42 7 41 5 -40 -51 44 -19 25 43 -23 32 29 -15 -38 -49 15 -14 27 -6 -32 3 -50 -34 40 41 -39 23 23 24 3 22 -5 -48 -26 26 40 23 21 -2 44 29 10 38 -47 17 
9 7 8 6 13 13 11 8 10 9 8 6 12 7 11 11 10 8 13 11 6 8 11 9 13 11 7 6 10 10 13 13 8 8 9 13 8 10 7 7 7 7 11 8 12 12 10 9 9 11 
15 20 34 -5 -6 -22 10 -41 27 -48 -23 41 12 -33 27 -45 -14 -24 32 -50 24 -34 -17 -4 -8 -47 -9 21 4 34 -33 11 31 0 -27 -41 5 -2 22 -7 -52 6 -24 27 0 42 -49 -3 -34 41 
7 11 13 9 10 12 13 6 12 9 12 8 11 8 9 9 6 7 6 9 6 12 12 8 7 7 13 13 9 10 11 7 11 7 8 12 7 11 13 9 12 9 7 10 7 11 6 10 11 13 
35 16 -50 17 -23 34 -35 10 -24 3 38 -49 23 -7 -49 16 11 41 42 -35 39 -26 33 -46 29 14 23 -38 -40 -29 29 13 -49 -27 42 -37 35 44 30 31 44 -35 -45 16 -42 -40 30 -37 25 -24 
9 9 10 8 9 6 9 8 13 6 13 10 11 11 7 13 10 11 12 6 12 11 6 12 7 12 10 9 7 13 11 11 6 9 7 11 7 11 8 13 7 7 6 10 13 11 11 10 11 6 
-49 1 -12 38 25 25 13 -44 -42 13 -4 -39 24 13 -15 -24 -22 24 8 4 -2 -19 40 10 19 -35 -20 25 21 0 -30 16 -47 4 1 -53 -23 -50 -15 20 7 30 7 25 -19 42 -53 -47 25 -15 
10 8 11 10 8 8 11 7 6 13 6 6 9 9 8 11 10 7 6 9 10 7 7 10 6 13 8 9 12 11 8 6 6 8 6 11 8 8 8 13 13 7 13 13 6 9 13 7 13 11 
26 -3 -2 -22 -26 32 -13 -2 28 -35 -41 -37 -11 8 -26 -3 9 14 15 -50 -8 39 32 -29 21 -32 -15 24 35 33 -45 16 -10 -34 15 28 34 0 23 24 -49 7 -20 32 41 -22 33 -20 24 38 
12 8 11 7 7 13 13 11 12 13 7 12 7 11 8 12 10 10 9 10 6 7 9 8 10 7 9 11 10 9 9 11 9 7 11 11 11 8 13 11 12 10 13 13 13 7 8 13 8 6 
-1 -33 -48 -10 -17 -11 35 -16 -1 -51 -32 -30 23 -31 26 -25 -22 -32 39 -25 -9 32 -10 -50 -39 -5 34 -17 8 -20 42 -46 -25 -31 -47 -18 19 -35 17 38 0 -21 6 1 -49 29 20 27 -36 -14 
6 10 9 13 9 9 10 11 12 7 10 13 7 7 9 10 9 10 11 7 6 6 10 9 9 6 8 13 12 10 7 13 7 8 12 6 13 11 9 8 13 11 11 13 7 13 11 6 13 13 
-16 13 43 28 -16 -40 -34 38 -29 -33 -17 -27 26 44 23 36 -32 -12 -21 -12 -6 -53 -48 -53 -14 32 -9 36 -18 -42 -55 -39 35 7 -20 -29 -45 22 27 5 34 -50 19 8 -33 40 11 5 -17 33 
9 11 9 7 9 11 12 13 9 12 7 9 13 8 9 6 9 8 10 8 13 6 11 9 8 9 13 10 9 13 10 13 9 10 9 8 13 6 13 13 11 13 8 7 10 8 12 7 7 11 
38 35 -52 -5 -22 -33 16 -44 35 -17 -14 3 -8 -3 3 24 -53 28 35 -53 13 -33 40 -20 -47 6 -13 39 44 33 23 -13 2 -14 -8 14 -10 25 -42 9 -45 6 30 18 -51 7 -52 -53 14 -1 
7 6 8 11 8 10 10 7 12 7 9 6 11 12 9 9 13 11 12 8 13 6 13 11 9 8 6 9 8 8 12 6 13 10 9 10 11 6 10 8 10 13 10 12 9 9 7 9 12 12 
7 -35 15 -33 18 -14 31 33 -38 -38 37 43 12 -6 10 34 -23 -36 26 -52 -25 -27 -24 34 -3 -25 17 9 -48 40 -27 26 35 -45 22 16 -19 4 -12 -15 -22 -18 38 -25 19 38 27 -52 6 35 
12 9 11 13 13 8 11 6 13 12 9 11 9 11 8 9 11 7 6 7 7 9 8 8 11 13 11 9 13 13 13 6 9 8 10 8 11 12 11 10 10 9 12 12 6 8 13 7 12 13 
38 41 6 -9 -17 15 -17 21 0 -38 16 5 -3 3 -22 0 10 -29 -54 -21 4 38 -7 18 37 38 -22 -18 -52 35 -44 39 13 -28 43 34 -7 24 -8 -6 -24 14 20 43 -6 -19 44 -32 -12 -24 
8 11 8 7 13 6 7 6 8 7 10 13 10 6 9 6 11 8 9 12 8 9 13 10 13 8 9 8 12 11 8 7 7 13 6 8 10 13 8 7 13 8 10 6 8 10 9 7 8 9 
-46 32 28 30 35 -5 31 0 26 -27 -53 22 7 -31 10 17 -23 30 -27 -9 34 23 28 -30 10 5 -10 23 -34 0 -35 -28 18 -21 -4 20 -19 -21 -54 -18 -45 19 35 1 16 25 -20 -10 27 -30 
12 11 6 11 12 7 8 11 10 9 13 8 13 13 9 13 8 11 11 8 13 11 6 9 12 6 11 6 12 7 12 6 9 11 11 12 7 12 12 7 6 12 9 8 7 8 13 11 13 10 
26 -55 6 7 -53 -7 40 29 -39 -18 -48 38 29 -11 4 -34 3 -12 13 22 -36 2 -14 36 9 -32 -40 17 -26 -14 -40 -40 -19 2 4 -55 -3 38 -14 -26 -7 -28 43 -31 -31 19 -22 30 -17 15 
12 11 10 11 12 9 11 6 6 7 7 10 11 13 13 11 6 6 12 8 9 11 11 12 12 12 12 12 8 11 6 11 6 12 11 10 13 11 10 12 12 12 6 9 12 8 6 9 10 6 
-23 23 -41 32 -16 19 -35 -28 -1 33 -14 43 -13 -53 -34 -51 -9 1 -46 -22 -47 6 -22 31 -51 30 -13 -13 5 6 -35 -12 23 32 -42 8 36 -21 -40 1 6 -43 -44 4 -4 -17 15 -31 -48 -48 
6 13 11 7 12 7 12 11 10 13 10 11 6 8 10 13 11 8 9 9 6 10 7 11 13 7 9 10 9 7 6 8 13 6 13 12 7 6 13 12 7 13 12 6 13 9 12 9 8 9 
-26 34 11 32 1 -23 15 -16 11 -33 28 5 -2 -50 36 4 31 32 -26 -13 -38 -10 1 33 -3 -1 11 -22 5 -36 -24 -17 12 21 43 -41 -35 -2 -48 14 -39 -33 -13 -48 8 5 -8 38 -25 -38 
9 6 8 8 11 12 10 9 6 10 8 8 11 6 13 6 10 10 13 10 9 13 11 11 7 7 6 8 6 7 9 6 8 6 10 11 12 9 6 8 8 11 11 12 9 10 13 6 9 11 
36 6 -25 43 14 36 -55 24 -38 -38 -41 40 -14 -19 12 -27 -2 -46 18 26 -52 14 -39 28 12 30 -53 -25 2 26 12 -45 11 32 16 22 -10 9 -17 16 -8 -40 37 -44 2 -50 -2 16 25 -15 
8 9 6 12 7 12 8 10 7 13 6 10 8 12 13 9 13 7 13 13 10 10 10 11 8 12 7 12 7 12 6 6 12 12 11 8 11 13 10 13 7 11 6 12 7 11 12 7 11 10 
-47 27 7 -49 23 24 42 32 -17 14 28 -15 40 11 -22 -46 2 -38 -21 -2 -20 3 38 -12 38 11 -4 -15 39 -18 19 -43 42 -4 40 -38 37 37 -18 -25 -42 41 -45 34 -27 -46 31 -11 -15 27 
7 6 7 10 8 12 13 13 8 7 7 9 7 11 6 9 9 8 11 8 11 6 6 6 13 8 9 13 7 6 12 13 7 7 10 12 10 6 12 10 8 13 12 13 13 7 13 8 13 11 
-44 -44 -1 25 -2 38 -34 30 -27 -12 -55 0 16 15 -3 20 -24 -15 -21 -15 31 -21 -7 -16 10 41 -43 7 -3 -24 32 9 2 -7 1 15 -5 27 -54 38 44 -23 -11 -24 20 -51 -5 -29 11 -17 
7 13 9 7 10 13 12 9 9 10 7 6 12 11 9 7 8 13 7 11 8 9 10 9 6 6 9 7 10 9 11 10 10 9 7 7 11 8 8 10 6 7 11 13 7 9 11 11 10 12 
-10 -15 -22 30 -55 13 39 -22 30 -7 26 -23 1 -45 17 27 -54 -49 -20 5 16 -28 -18 -12 13 -22 40 16 -52 -13 -44 24 -21 -43 38 -25 6 -21 3 -29 -49 36 -12 33 -28 -36 29 -31 38 -20 
6 12 12 9 9 11 8 12 11 10 11 8 13 8 10 11 9 8 10 9 7 13 9 6 13 10 12 6 7 13 8 11 7 13 6 8 7 10 9 12 12 12 9 8 13 6 13 12 13 12 
35 18 -28 -42 -1 41 17 -5 -14 -14 -9 -30 -42 -31 -26 40 -52 39 38 12 32 -15 24 -14 -30 -21 5 -55 -48 -34 37 38 -38 -38 -52 -12 38 -16 -44 -30 -27 23 -7 -5 37 -11 -1 -32 -2 -19 
9 8 8 11 6 12 9 12 11 9 6 6 9 13 9 13 12 11 12 11 9 11 6 9 9 10 7 7 6 12 6 6 6 7 6 12 6 10 12 7 9 6 12 6 9 11 12 13 13 6 
-4 -18 -41 8 -4 -36 35 -38 28 -37 29 -3 31 14 -7 -18 42 -31 13 -28 -7 38 27 16 14 38 22 -41 -51 29 -12 40 -44 38 37 43 35 44 35 38 19 -6 19 -41 18 14 -37 10 -22 -17 
13 10 13 10 11 6 11 13 6 8 13 6 11 8 11 13 12 12 8 9 8 8 11 10 7 13 9 12 12 7 10 13 12 12 11 9 6 10 13 11 11 8 11 7 8 7 9 6 10 10 
-38 -28 0 -53 31 13 43 24 -44 34 3 35 20 -45 -23 34 41 -5 -43 -33 -26 17 -19 22 -2 21 15 30 -3 -4 42 -4 -54 -20 38 17 -39 -39 -27 -44 -30 -17 41 -16 -11 1 -29 -53 3 33 
11 8 10 7 10 9 9 11 6 11 6 12 8 13 11 9 13 7 13 12 10 8 7 11 10 11 7 7 6 10 7 13 12 11 7 11 12 10 9 13 7 8 13 9 8 11 6 8 7 6 
-40 -47 -45 -15 44 42 -48 -1 -51 -18 30 44 37 -42 -43 27 28 -4 -26 -18 -22 -55 9 28 2 13 -45 13 -47 -14 -23 -18 29 44 -54 14 28 1 37 -15 32 -43 -45 -35 -20 8 -40 42 22 19 
12 7 11 12 12 6 12 9 11 6 6 6 6 6 12 13 7 12 7 10 6 8 11 11 12 12 7 11 12 9 11 7 10 11 13 8 8 7 13 10 6 11 10 13 10 8 12 10 9 12 
-18 -49 12 -2 38 -50 -9 -46 -31 -1 10 -16 -49 -46 37 44 20 -19 6 -8 -37 -42 -28 -43 41 -46 -14 -25 35 -21 -40 31 -32 11 -11 -19 -18 -39 38 -6 16 -11 22 30 -55 35 30 -30 -37 13 
12 7 6 11 7 6 10 10 12 6 9 6 6 10 10 9 10 9 6 8 6 9 12 11 12 11 8 6 6 9 8 7 12 13 8 9 13 12 6 8 10 11 8 13 9 8 12 12 8 13 
-29 40 -49 -41 -5 31 24 21 -33 24 -54 -43 21 9 2 15 -17 -43 -11 6 25 -55 -12 1 6 -8 -16 -47 35 -3 24 -37 -36 -48 29 -8 22 20 -42 -46 16 -13 -16 -19 -34 -54 -21 -26 3 -19 
11 7 6 12 8 7 12 6 7 10 7 9 13 13 9 7 12 10 6 6 13 11 7 9 9 13 9 10 12 10 6 13 11 12 11 9 8 7 9 8 11 6 7 10 11 9 8 12 13 13 
32 -31 -33 -16 -14 -7 -51 -21 13 -14 17 13 19 21 -18 -22 -14 -10 -37 -40 19 -3 -9 1 -31 11 26 -11 -15 -21 41 21 -28 -50 -37 36 -14 10 36 16 4 -55 -38 -39 -12 -31 9 -50 2 -53 
8 9 12 6 11 12 7 9 6 11 12 7 6 7 12 11 8 7 8 6 9 7 9 10 6 6 8 6 10 12 8 9 10 12 9 10 7 6 6 7 12 8 8 12 6 6 12 7 12 8 
-39 33 -30 -54 -45 -5 27 -34 38 -17 -1 38 40 25 -17 12 -35 -10 28 10 41 -22 35 -23 34 -16 28 -38 -26 -2 24 -42 -55 -3 -10 6 -4 -37 8 -42 -48 -1 21 -38 -44 -26 9 11 -24 -13 
8 8 9 9 7 12 6 8 12 8 7 10 11 8 10 7 8 6 8 6 12 9 6 12 8 12 6 7 9 9 13 11 13 8 6 13 13 10 7 6 11 11 11 10 13 8 8 9 11 13 
44 -35 -35 -19 29 -43 -40 -2 30 -14 44 12 -47 -11 14 26 24 -47 -48 4 -49 -6 20 -29 -31 -48 19 29 -27 -9 -10 26 -41 -6 13 -17 -48 38 -51 -50 42 -38 0 -14 -12 -22 42 24 -19 0 
7 8 8 10 6 13 6 12 8 6 6 11 13 12 13 6 13 10 8 8 7 12 12 11 13 8 8 12 13 11 9 11 12 7 6 9 12 12 6 7 8 13 7 12 12 12 8 7 10 9 
-8 -15 30 9 -32 -18 -2 13 -25 0 11 3 -43 1 -37 -54 -13 21 -49 -53 29 -32 15 -43 -5 20 -44 -5 40 33 -35 -54 28 43 37 -7 29 -10 32 7 -12 3 4 16 -39 17 -23 -14 28 33 
13 6 10 8 13 9 11 11 8 7 9 11 9 10 12 8 13 11 11 6 7 7 8 11 7 8 7 9 11 7 13 13 9 8 6 6 11 6 7 10 12 10 6 13 10 6 7 12 12 6 
31 -44 21 -8 -34 -53 -10 -53 9 -16 17 2 15 -35 -1 4 25 43 36 5 -45 36 12 -22 20 -19 44 20 35 21 1 17 -52 31 12 -40 -13 40 11 1 31 -18 43 -29 9 30 10 -47 -15 5 
12 8 10 6 8 8 11 12 7 9 13 7 12 11 11 7 13 7 13 10 11 8 7 7 8 9 11 10 10 9 11 8 7 13 9 11 9 13 10 8 12 10 8 6 13 13 8 10 6 12 
-49 -28 -42 -32 16 -28 18 6 18 -21 -53 32 -38 8 -2 -29 40 40 -42 -49 15 4 -50 41 -22 -32 -3 24 -36 -29 38 30 10 16 -11 -48 16 32 44 -36 41 -40 -3 37 -2 2 35 4 2 31 
7 7 12 9 9 7 9 10 11 10 11 6 9 8 8 9 9 8 10 6 13 7 8 9 7 13 12 12 13 8 13 8 13 13 13 6 10 12 6 6 7 12 8 8 11 7 6 10 6 7 
-23 37 27 12 -35 3 19 32 39 28 9 9 -41 -9 35 -30 0 8 12 37 -24 -36 25 -37 -27 -7 -35 24 36 11 32 -47 -29 -30 4 -37 -35 -20 -41 1 -8 1 -21 5 -4 -47 23 39 34 -31 
6 12 8 11 10 9 11 12 10 9 9 7 9 11 8 6 9 7 13 9 8 13 10 10 11 8 10 8 6 12 7 9 10 6 6 12 8 11 9 6 6 12 6 10 7 8 6 6 7 10 
-29 27 -53 20 -39 10 -3 4 0 -38 -11 -1 -12 -31 44 -33 -34 -22 -42 -38 38 18 5 20 19 30 -54 -33 -47 40 -29 -35 36 33 -26 17 22 38 -47 -1 -33 21 -18 -39 -52 35 -43 34 -2 24 
9 8 12 8 7 12 7 12 12 8 8 13 12 10 10 11 13 9 12 11 11 13 9 11 6 9 7 9 6 6 11 6 10 10 10 9 13 9 11 10 10 10 12 11 10 6 10 6 12 12 
28 -10 19 36 33 -17 9 -51 22 -2 -13 -51 -32 -3 -30 -44 -13 -31 -6 -20 35 -9 -27 0 -51 -14 -46 26 24 -53 28 37 -23 -43 44 6 -8 -50 35 14 4 -27 -16 -27 25 16 23 -15 1 -7 
10 7 11 8 8 6 10 13 6 8 6 13 7 8 11 6 11 7 9 10 12 11 6 12 13 6 10 6 12 8 12 11 9 7 6 8 7 7 12 9 12 13 11 9 12 8 8 9 10 10 
13 -32 -8 41 11 -25 10 -3 -55 -38 18 31 13 42 24 -31 -27 5 3 -30 12 -43 -21 -3 14 7 15 -44 -20 35 -44 9 -5 5 -10 12 -1 32 -38 10 -13 33 18 -40 24 -18 33 14 31 -25 
7 6 7 13 7 8 10 9 12 11 6 11 13 6 11 12 7 11 11 12 7 12 6 12 13 7 7 11 11 7 6 7 7 13 8 6 12 6 12 6 8 7 7 10 9 7 11 6 9 12 
30 -16 -37 -48 13 -1 -5 -23 44 -35 -20 43 37 -39 27 -26 -39 4 3 28 44 -20 2 15 16 -13 25 22 -49 40 31 -52 -3 -37 -20 30 -27 23 5 -54 -6 9 30 -29 2 -18 -14 -17 38 41 
7 11 6 7 13 11 6 11 7 9 6 9 9 9 7 8 12 8 13 6 7 13 10 9 9 6 12 12 8 13 6 12 12 11 13 11 8 10 12 13 10 9 10 9 8 12 9 11 13 11 
42 -10 -1 3 3 39 36 -14 -18 -55 -23 20 -19 -17 3 25 30 -42 29 -2 -28 30 -29 15 -19 26 15 -6 -7 22 44 -20 18 -18 -4 -24 -38 -22 16 21 -26 -24 -11 -13 12 -55 -27 -39 -21 44 
11 6 11 13 11 9 11 9 9 13 9 9 11 12 7 6 9 11 13 6 13 7 8 9 11 6 6 10 11 10 13 10 12 9 12 10 11 8 10 8 12 10 6 13 9 11 6 12 9 10 
15 35 -43 -55 9 20 29 27 -44 -49 13 -11 -29 -19 11 37 33 -17 10 -43 -8 -9 4 -3 16 1 -45 2 11 -5 15 -10 -30 -7 19 19 -12 -26 -19 8 -39 3 -21 -54 6 0 -40 19 27 -16 
8 6 10 13 7 6 10 6 6 7 13 11 11 9 10 8 6 8 9 13 8 10 9 9 9 12 13 11 12 12 10 10 6 12 12 11 7 13 9 11 7 11 6 13 13 8 8 6 12 11 
37 -25 -37 -7 1 35 27 -12 -16 -54 38 -28 14 38 -22 -24 37 -20 -29 -13 25 -39 6 -38 -48 -35 -10 11 -34 27 27 -49 36 15 -40 40 -12 8 16 37 -20 -38 -43 26 12 -34 -3 -33 -27 -25 
11 6 9 7 13 8 7 6 13 6 6 10 11 11 8 8 8 7 7 8 13 8 12 13 9 11 11 12 9 13 7 8 8 7 10 13 9 9 8 12 10 13 13 7 12 8 12 6 8 13 
-3 -1 27 -22 33 0 5 -10 -32 -13 4 32 -12 -8 29 34 13 33 43 25 24 -48 -42 5 -8 -9 16 27 -11 -13 -7 -19 -2 -6 33 -32 -30 -4 35 -16 -9 7 20 -31 23 30 -52 26 22 -5 
6 8 12 6 7 12 12 9 6 6 12 11 9 6 7 7 9 8 11 8 9 13 10 8 6 11 12 9 7 6 11 12 6 6 7 8 7 11 11 6 8 6 8 11 10 10 8 13 8 11 
-3 -20 16 -11 -25 27 6 40 -4 11 28 -45 3 17 40 -49 -41 -3 29 -50 -43 -34 -14 20 35 -30 -44 12 27 28 32 38 -5 24 13 19 29 -26 -20 5 -50 -44 37 -31 -5 -39 5 -54 4 -46 
9 9 10 7 6 10 6 13 13 7 9 6 12 10 9 12 13 11 13 7 11 13 10 13 11 11 9 7 6 10 9 10 12 8 9 11 10 13 9 7 6 9 9 10 11 6 9 6 9 8 
-18 -7 -7 -51 -7 10 -34 -22 20 -14 -41 -8 7 -1 21 -1 3 -34 29 33 11 -39 1 25 -26 -18 -26 34 -12 -51 -54 29 -35 32 -19 -3 27 -27 11 17 38 3 24 28 32 -32 42 41 39 -54 
11 6 13 6 10 10 7 6 7 7 7 10 6 13 12 8 10 12 10 13 6 13 7 7 9 12 6 9 8 13 8 7 9 13 7 11 13 9 12 7 12 13 12 12 8 6 7 10 11 8 
1 12 5 43 -12 -21 -14 -36 -3 7 -44 -44 38 -50 26 -4 5 43 16 -13 39 29 -20 -55 0 0 -32 -5 33 -16 -45 -38 -23 -7 -45 40 -36 -7 34 16 -4 40 -32 -18 -6 -55 -48 -21 29 22 
10 7 6 6 8 7 13 9 10 11 8 11 10 8 12 8 7 6 11 11 7 6 7 13 13 10 7 9 12 13 11 6 13 12 10 13 13 13 7 11 11 7 7 9 8 11 6 10 8 10 
26 40 31 -26 -24 23 4 -3 34 3 -17 -1 17 -47 1 16 -8 -52 -44 19 -36 -48 -50 44 33 6 -10 -20 37 -23 21 12 -52 12 44 -1 12 -43 -41 -26 38 22 -1 -43 -24 34 -29 -8 44 34 
8 10 10 9 11 13 9 8 11 9 7 6 6 12 13 11 8 6 12 7 10 6 7 9 13 6 13 8 7 8 11 11 13 9 9 12 10 13 12 10 7 11 13 7 12 10 7 7 13 12 
-27 -27 -33 13 30 19 29 -4 29 -18 -40 34 26 19 4 -5 -9 5 -28 -22 -34 6 -37 -9 -5 8 6 -9 3 39 16 -10 -53 -9 -35 -1 -2 5 31 -36 -20 -39 -42 -20 37 -37 10 15 -19 -30 
8 10 6 8 13 7 12 7 11 8 6 7 12 13 12 13 7 10 7 8 11 8 12 10 12 6 6 9 12 8 11 6 6 6 13 13 7 8 13 7 6 8 11 13 13 8 8 13 8 7 
30 -39 -47 33 44 -30 41 14 -24 -41 -53 15 -18 43 22 43 -4 33 8 -2 -50 -14 12 7 0 26 40 -37 17 39 15 -17 -34 -10 -32 -12 10 -37 -20 -18 44 44 37 -1 -31 -24 11 -26 -33 1 
8 9 10 12 7 10 6 8 11 11 8 10 12 7 8 13 6 11 9 11 10 6 12 7 10 9 13 9 13 12 11 11 7 9 6 10 13 12 12 7 8 11 13 6 8 11 8 6 10 11 
-24 -51 28 36 -33 -45 32 9 13 39 24 -32 -46 2 -14 30 22 -32 17 -27 -20 -6 -38 -46 -12 12 10 35 36 14 -17 -51 21 -43 36 38 -46 -35 42 7 -27 -55 4 -13 -15 34 39 -13 -35 31 
8 10 12 13 13 8 8 11 10 11 9 8 6 7 12 11 11 8 12 6 7 13 6 6 9 13 6 11 9 7 9 9 11 6 13 13 6 13 13 12 8 7 10 9 12 10 7 13 6 13 
30 31 -35 2 -53 -16 -49 21 -31 -3 -18 -20 44 -39 35 12 -49 -34 20 -35 37 10 -8 3 29 -24 -26 27 -50 7 34 -32 15 -13 27 41 25 14 17 -40 -4 -19 0 19 22 -1 -26 27 -4 14 
11 11 10 10 7 7 11 9 11 11 12 11 6 12 7 13 11 12 6 12 8 9 13 13 12 10 6 10 7 6 12 8 7 13 10 7 8 10 12 10 11 10 6 7 10 6 12 8 10 7 
-7 -45 41 -14 36 11 34 -35 0 -7 -4 26 16 -30 -27 18 -1 -46 -25 -17 36 -16 -2 -7 12 -1 22 35 42 1 18 34 7 -19 -26 33 -16 30 -14 12 -35 5 -8 26 27 -49 34 29 -52 5 
12 10 6 9 13 9 9 10 10 9 12 13 7 6 6 11 12 10 9 10 8 10 12 8 9 11 9 7 11 13 9 8 8 6 7 9 6 10 10 8 7 10 7 13 13 10 7 11 12 7 
16 -33 8 4 -15 13 27 -7 11 35 -28 3 16 -49 -50 -54 -21 15 0 -48 44 -25 20 -52 -16 39 33 9 18 -7 3 25 32 9 -42 -42 -3 15 23 11 -51 -39 -6 22 -18 -18 4 -23 0 -50 
12 7 12 8 9 8 12 12 9 11 6 12 12 6 9 8 13 7 11 8 10 6 13 11 10 11 12 13 8 9 10 6 7 11 13 9 6 7 13 10 7 8 12 12 11 8 9 10 8 13 
-52 -49 36 38 41 28 -5 2 -20 -43 12 14 10 -52 18 36 -39 -6 -40 -37 -12 33 42 -44 36 19 8 -30 -48 15 -34 -28 3 -19 20 -34 21 44 -36 -14 -44 -43 -46 -20 8 -25 -41 -19 28 -23 
10 9 7 12 10 10 13 6 7 7 6 10 11 8 13 12 8 7 8 10 12 8 11 8 8 13 6 10 13 13 13 9 8 6 6 8 8 8 8 7 13 12 10 7 11 13 10 7 8 6 
-26 -15 5 -9 -28 -11 -33 -19 18 -1 -22 1 -4 36 -21 -24 -33 24 -53 21 25 14 33 -26 30 -53 -45 -28 19 5 44 -13 0 38 10 -27 17 29 -29 43 -32 -54 32 33 42 -3 20 -5 23 0 
11 12 12 9 7 11 7 13 10 6 7 11 12 6 9 6 10 11 6 9 8 8 10 12 8 7 10 8 12 6 9 6 8 11 12 10 12 12 8 6 8 10 8 12 8 7 11 11 11 13 
-53 10 26 -12 -45 -47 34 3 29 -34 -49 31 32 16 35 17 -37 18 -2 26 7 41 -42 -4 -40 -51 30 -22 9 -51 -18 -2 29 -22 17 -34 -11 15 2 33 -26 42 -15 -32 -54 -12 21 -24 -55 -7 
11 11 13 11 10 9 12 13 6 10 8 7 10 6 11 7 8 10 7 13 8 11 13 7 9 9 7 12 7 9 8 7 6 8 10 7 6 12 7 13 7 13 12 13 7 13 12 9 10 11 
4 -35 -40 -11 23 3 29 -17 28 -17 -18 -20 -25 27 -40 25 -34 -30 -3 -51 -9 -43 -51 -10 -30 -11 -6 39 -26 -23 -46 -39 -26 6 -22 -25 -9 -23 28 18 -16 25 -20 32 15 34 -26 5 -34 42 
11 9 10 11 7 13 7 12 13 7 13 10 8 13 13 12 13 7 13 13 9 13 8 10 13 10 11 6 13 7 8 11 13 11 8 9 13 10 13 11 6 11 6 8 13 6 7 8 8 13 
23 -12 6 -34 -37 43 28 -22 40 -46 17 13 -52 9 -10 -6 -5 -9 -13 -11 0 4 13 30 -54 13 -8 -49 32 -20 -46 9 -22 -4 -15 -30 -31 -9 -55 -17 -24 -34 -38 -31 29 -40 -11 -3 -36 15 
13 13 12 13 12 7 10 10 9 8 11 9 7 12 11 10 11 11 10 9 11 6 13 13 7 11 12 8 13 7 11 9 8 12 12 6 8 8 12 13 8 8 13 13 12 13 13 8 9 7 
-52 -25 -35 -30 -21 -34 -22 -20 32 38 -28 -7 -31 37 -37 -55 -11 -24 31 40 -47 -2 42 37 -34 -36 -48 16 -33 6 36 -3 -4 -32 10 1 25 6 10 -32 -55 -27 -20 -2 -43 27 21 2 34 37 
13 6 11 8 9 10 10 12 6 10 7 7 6 11 8 8 7 12 8 6 6 10 11 9 6 7 7 11 9 12 10 13 6 12 6 7 11 11 12 8 13 6 8 7 6 13 9 9 6 7 
3 -49 -44 -41 -8 38 -26 32 25 30 9 -21 21 -40 -37 29 -8 -7 -8 0 -23 26 -18 -28 41 4 -31 44 -2 -54 -14 -51 -26 -40 10 -5 -23 28 -36 41 -16 23 -17 -14 -52 -49 -35 15 -6 -50 
10 12 9 6 11 9 8 11 12 13 8 7 11 13 9 8 9 13 8 11 8 12 13 9 8 10 6 8 6 7 12 7 6 13 11 9 11 8 8 6 12 13 7 6 9 9 11 7 6 11 
-32 28 -50 -8 -42 31 29 -46 -21 -55 15 -16 2 13 1 30 37 -33 -22 -20 28 -28 44 6 35 -20 -55 24 18 -49 30 -10 -46 -19 26 -16 44 -54 -48 40 -36 29 -28 0 5 -22 -3 -55 -52 33 
12 9 7 6 12 9 11 7 13 9 11 12 8 12 9 8 11 6 13 11 13 13 8 7 9 8 12 12 9 6 11 8 6 11 6 11 13 6 8 11 11 6 9 11 12 6 6 9 8 6 
-24 15 -1 -20 -52 -10 -46 -41 -23 -38 -25 -37 -23 -42 35 6 -23 -20 -38 -10 -34 -37 -50 -22 -34 -9 15 33 39 -47 -28 -20 22 20 -50 -5 -13 -1 -37 35 -31 24 10 -1 16 -33 -11 12 -46 -45 
6 6 8 7 7 8 11 9 11 7 6 7 7 13 13 8 9 7 10 11 8 8 9 6 13 8 12 6 6 6 10 8 7 9 11 8 12 6 7 8 6 13 8 12 10 12 13 11 8 8 
8 23 -36 -4 -14 -40 21 13 -34 43 32 -24 -16 -16 -3 -25 19 26 -13 -37 -55 -55 -21 -49 25 35 -32 44 13 30 -21 0 -11 -11 -47 -55 -36 -37 -6 -8 25 44 -7 29 -36 -23 -15 33 15 42 
7 10 12 7 10 13 8 8 13 9 8 8 10 6 9 11 9 8 9 13 8 10 13 10 11 10 11 12 12 7 9 6 12 8 13 7 11 7 6 8 13 7 11 9 6 9 11 9 7 13 
-45 16 23 38 35 -2 -21 11 -8 -42 -33 -10 19 33 -33 22 -36 28 11 -50 39 -9 -31 -14 34 43 42 11 5 36 18 10 -50 -49 -17 41 -37 7 -11 -29 -40 38 -32 14 -31 -37 14 17 15 6 
13 7 7 12 11 9 12 11 10 11 8 7 13 6 13 10 12 11 7 13 13 7 9 8 11 6 9 12 12 6 10 7 13 6 9 8 9 6 10 11 10 8 11 7 7 8 9 6 6 9 
-51 40 39 -5 -6 -4 26 43 -10 20 -10 29 -22 -55 44 12 42 -46 -14 -24 44 43 19 32 4 7 -10 -26 4 -31 12 11 13 -28 39 -6 41 -13 -32 41 -38 -44 13 -7 26 -22 19 33 29 13 
10 7 10 10 7 6 13 8 13 10 12 12 7 12 9 6 12 13 6 11 12 7 12 10 10 6 7 8 11 8 8 9 6 10 11 8 12 13 11 9 10 10 10 13 13 10 13 13 13 9 
-35 -50 -28 -18 -45 28 -52 -18 28 -14 -20 -34 22 23 25 -21 -44 -26 -2 -25 -47 -25 -7 -23 -14 15 -39 8 -37 -40 29 -46 19 -14 30 -47 5 -7 30 23 -54 16 -50 -54 41 17 -46 -24 32 15 
11 6 8 13 8 6 6 11 11 13 12 13 8 11 7 13 7 9 10 9 8 9 11 10 13 13 12 13 12 11 13 9 12 8 8 7 8 10 6 8 11 10 8 12 11 10 7 7 8 11 
3 -36 -10 -54 34 -39 1 -16 -30 -30 -23 23 -34 -39 7 32 -47 -17 -25 -50 35 44 14 -48 -2 -42 1 30 28 -7 38 44 7 -49 11 -20 -36 16 9 44 -47 -8 -41 -41 -43 -48 -33 -28 37 -35 
13 8 13 8 6 6 7 10 10 11 7 6 12 6 10 8 12 7 7 6 11 7 13 11 11 9 9 12 11 8 13 10 10 10 13 10 9 11 11 9 6 12 6 11 6 6 6 6 11 10 
3 33 -11 -51 -25 -28 -6 -36 13 19 -54 6 0 11 -28 -42 7 25 -37 -27 34 -42 -14 -32 41 -24 -15 -24 -20 -23 27 27 -5 -11 -3 2 -54 13 -22 18 39 -36 -29 28 -22 27 -43 -19 -30 -3 
10 6 11 6 8 11 12 7 11 12 13 7 8 8 10 11 13 13 10 11 12 12 7 11 7 6 7 9 6 8 8 8 7 11 7 12 6 8 10 6 6 10 7 11 6 11 12 8 7 12 
-8 3 -16 -50 26 13 -41 -54 -39 39 12 -10 12 -16 8 -55 19 -11 44 -30 25 -38 -31 -6 31 19 2 30 -40 3 20 -25 27 -44 -18 15 7 36 -27 6 -43 41 21 -55 3 16 36 -7 -33 43 
12 12 6 7 12 12 10 7 11 11 13 10 11 6 11 6 13 11 6 6 10 10 9 12 6 13 7 12 6 12 12 13 11 12 12 9 8 8 11 8 9 8 13 7 12 9 7 7 12 13 
8 -38 -38 44 -4 -12 -17 27 -1 32 -43 -43 -33 -18 19 36 -47 -37 -4 22 -32 -3 -44 -25 34 -54 -40 32 -27 -26 -34 32 8 -28 33 22 -41 -9 20 27 -24 -16 -36 14 -8 7 -49 5 -3 -50 
7 6 10 7 12 9 8 10 13 11 10 11 7 8 6 11 10 12 9 12 8 9 9 13 12 12 9 13 6 8 11 11 12 8 9 13 10 7 12 7 13 10 9 7 12 8 9 7 8 9 

