80 80 480
-55 -7 20 -25 2 -42 41 -39 37 -50 -4 -48 -25 -52 -8 -3 0 29 -20 39 -9 35 -19 -8 -50 -48 23 3 26 -9 44 -33 37 -42 -47 -3 -14 36 21 -31 2 -47 -9 3 -23 8 -28 -24 -14 24 -18 -55 -18 -46 -5 -1 -15 42 -28 24 -9 -16 -17 26 43 37 -34 42 38 -42 -49 -26 38 -4 -39 39 -17 33 20 16 
11 10 9 12 9 10 7 8 10 13 9 6 6 12 10 8 8 8 13 7 13 12 6 12 7 8 10 9 11 12 8 8 8 10 8 12 10 8 11 8 13 12 10 13 13 8 12 7 13 8 11 10 7 9 6 9 12 13 12 7 12 12 7 10 7 13 7 12 13 13 9 12 12 7 7 12 8 6 9 12 
-13 6 28 -17 -38 40 -46 44 42 40 -13 -3 12 -15 -52 0 0 -3 1 -10 7 42 -5 34 10 -50 -28 -8 -28 -52 21 10 20 -9 26 -52 -40 8 5 -39 26 22 -22 -27 29 -52 -11 21 19 -47 -20 -53 -20 -14 31 38 -35 -41 -11 2 -43 -51 41 36 -49 -29 -39 28 -22 -44 21 -50 10 -49 43 -37 -36 36 -31 12 
8 12 13 13 9 12 9 7 8 13 10 10 8 8 13 8 13 10 13 13 8 8 11 12 10 11 11 10 12 12 10 10 7 9 13 9 8 8 12 11 6 11 7 6 7 12 7 13 7 11 8 7 11 7 13 10 13 10 13 9 9 7 13 6 7 8 6 12 9 11 8 12 8 13 7 10 11 10 13 9 
-53 10 27 -32 0 32 -48 -46 -25 36 -44 -11 -11 20 34 -50 1 -31 -38 1 -7 5 25 -5 33 11 12 23 18 -12 -7 -23 21 8 43 -20 -39 2 25 11 6 36 -22 -26 30 -5 36 38 33 33 31 2 4 -28 -45 -29 35 -14 9 11 19 37 -7 -43 37 -39 3 -28 4 -13 -16 8 -7 41 -5 41 41 23 -47 31 
11 13 9 7 7 11 12 12 6 7 12 8 10 12 10 7 11 9 9 7 12 13 12 7 8 11 11 10 10 6 10 8 11 7 11 6 12 12 6 13 7 11 13 9 9 8 13 11 11 11 10 9 9 6 9 12 10 13 12 10 10 6 10 6 12 11 13 13 12 6 8 9 12 12 9 11 13 13 11 13 
-29 -13 -26 -15 -28 -15 31 -12 -8 -2 15 -45 -50 -46 16 16 -13 -23 -13 -35 -30 26 -37 33 -4 -3 2 10 20 -25 -4 -53 -5 33 -8 17 35 -36 -38 38 5 1 37 38 44 -23 -6 18 -12 -22 -11 1 31 -30 9 -55 -23 -33 -10 -2 -46 40 -8 -47 -36 -21 -19 -32 -11 27 35 20 -9 -16 -7 10 7 13 -36 14 
12 7 13 10 12 7 8 7 10 11 9 8 13 7 10 6 11 12 9 7 11 11 11 10 10 9 8 8 11 12 10 9 12 13 9 12 7 6 8 12 7 6 6 7 12 11 13 8 8 7 7 8 10 6 10 8 11 6 9 10 8 8 6 9 7 6 12 6 13 6 10 12 7 6 13 6 8 8 12 8 
13 3 21 7 -9 26 -2 -51 -17 42 -33 40 -44 -40 32 -34 -18 -51 23 -15 9 11 39 -24 10 1 29 10 -49 10 -55 29 34 -53 -44 2 -48 -48 -28 31 -12 -20 -43 -24 22 -6 -49 -54 -20 -9 4 21 -44 -47 35 9 42 -30 -48 28 -40 22 39 25 0 13 -21 28 -44 -39 -52 -7 -55 -14 5 18 -32 34 -23 -32 
9 8 9 13 7 8 13 7 7 9 7 12 8 9 12 13 12 11 12 10 12 10 6 8 6 6 12 13 9 13 7 13 11 12 6 11 8 13 12 8 6 11 8 7 7 12 8 13 6 7 8 11 13 6 8 6 7 13 12 8 10 12 8 8 7 9 11 8 12 10 11 13 9 10 10 12 11 9 8 11 
29 20 -20 21 -15 -7 -26 35 -22 12 -18 -32 -10 -52 39 31 -21 -3 20 -14 -30 -54 0 -51 23 36 -22 5 -30 -29 -30 35 34 -48 -20 -8 -36 28 -41 -27 -42 -7 -29 -15 -28 -46 11 10 10 32 18 21 -5 -2 -2 -26 -46 -12 -55 16 -44 23 8 33 13 -53 5 13 18 11 5 -37 30 -54 30 -36 -9 -42 41 34 
12 10 13 9 9 6 11 13 10 9 8 9 11 10 10 11 7 6 12 11 7 11 6 6 6 8 13 8 11 9 12 6 7 10 11 10 8 10 8 10 13 10 11 10 10 13 7 9 6 10 13 10 11 8 10 13 6 11 13 13 8 12 10 10 12 13 10 10 10 12 6 11 11 7 9 13 6 10 6 6 
41 20 -42 28 36 -7 -9 -22 4 -28 18 -54 -48 40 -3 -20 5 -3 16 40 -35 18 33 12 20 8 -43 19 -6 -25 -27 40 28 -22 -28 -10 -55 30 35 17 -17 16 38 41 18 6 -47 -39 -55 -16 -28 42 17 23 34 17 38 3 44 23 11 -45 -13 40 12 22 -1 -1 37 -53 -29 39 -10 19 -7 28 -11 26 20 15 
13 12 8 13 8 10 9 8 13 11 10 10 6 10 10 8 11 13 7 8 13 12 10 7 10 9 12 10 10 8 8 9 8 9 8 9 6 11 13 10 10 11 9 8 13 13 7 13 7 10 6 7 11 12 10 13 8 6 11 8 10 7 10 8 6 8 9 13 6 11 10 7 12 7 11 8 9 10 8 8 
11 13 -8 16 -18 -22 -43 7 -35 -54 0 30 31 -38 -14 8 -7 -23 12 -2 -9 -42 39 -48 20 11 -26 27 -47 -53 39 16 -49 43 0 -11 -11 -31 23 -54 -24 -15 -52 -30 -27 4 34 15 -6 -43 33 8 -55 -14 -41 -50 -11 -44 20 29 -49 3 42 39 4 -32 -40 41 -33 3 18 21 41 -49 -50 40 32 -12 -14 -16 
10 13 11 10 6 10 8 9 7 7 6 13 10 9 13 13 8 8 6 9 13 6 12 9 8 7 8 11 13 10 10 9 7 7 13 9 10 9 11 7 8 6 8 8 9 12 11 8 9 6 10 7 13 8 6 8 6 7 7 10 9 13 9 10 6 11 7 8 8 7 6 9 12 9 6 13 13 9 12 10 
6 -38 10 -16 -54 -32 -40 -46 -2 -53 -24 30 34 -48 -11 -20 9 -43 -28 29 0 40 30 -6 -17 0 -40 -14 1 -46 -36 -28 7 -7 24 -12 -24 -4 -4 41 43 24 -17 -49 36 -54 -42 26 -4 14 31 22 -13 -14 0 -20 3 44 6 25 19 29 -17 -42 1 38 18 16 -24 -3 -2 44 -32 -55 -19 -55 11 37 -9 9 
13 7 6 7 11 8 8 7 8 6 11 10 6 7 11 10 6 8 9 7 8 10 10 12 10 12 11 10 12 7 11 11 11 6 10 10 12 12 9 9 12 11 10 11 13 10 10 11 12 6 11 13 9 13 7 12 7 7 9 11 12 13 6 7 11 7 13 12 8 8 11 8 12 13 10 13 10 6 11 11 
-9 23 -28 -52 -31 31 31 10 42 13 -39 -37 -11 -51 8 24 -40 17 -12 -48 -38 -29 -38 25 2 14 -19 3 -55 -33 19 -20 -27 -41 3 44 -28 37 -34 -15 34 -19 -12 38 -9 -34 -27 39 -37 -53 -12 41 -28 -38 30 -52 17 21 30 -44 11 -1 -1 -13 -12 -55 -5 11 -46 -21 43 -55 27 -39 30 38 -2 -31 -34 -7 
13 9 9 13 13 10 9 11 9 6 11 10 11 13 12 6 6 11 7 10 12 6 13 9 7 7 11 8 7 7 12 10 12 12 6 11 13 13 9 10 8 10 13 8 10 7 11 6 9 10 7 7 8 11 12 9 11 12 9 10 12 9 11 8 13 10 11 9 7 7 9 12 10 11 9 8 6 11 13 12 
5 -24 -2 10 -18 35 16 -28 42 5 29 36 44 36 -15 35 -49 -42 43 -32 35 7 -30 -34 40 -9 23 -1 -54 -32 -42 43 -9 32 23 -43 -37 27 29 -41 1 -36 3 -28 -25 -54 -29 37 11 -31 -11 0 -53 -36 33 29 -34 1 -20 13 44 -45 -42 -47 -20 -40 7 -1 -53 -21 -40 -45 8 19 37 29 26 -7 -15 -31 
11 11 12 11 6 10 11 13 9 8 12 13 7 9 8 10 7 10 10 9 11 12 13 8 8 8 9 12 7 10 10 12 11 11 10 13 12 10 9 7 11 11 10 8 7 11 7 8 7 11 7 13 9 11 7 8 11 8 7 7 8 8 6 12 13 6 9 6 12 10 8 6 9 11 9 13 11 7 10 12 
20 -11 36 -21 -3 28 -31 31 8 -24 -54 -2 0 -29 41 -27 -4 6 -45 25 -2 -28 36 36 -3 -46 -29 14 -21 8 -25 -34 12 -6 -38 10 -44 -30 -47 7 -5 -31 -40 44 15 0 -44 -34 25 -18 14 -48 -20 11 37 27 -6 -49 39 -31 -11 15 4 -22 1 38 36 -33 -50 32 2 43 -27 -9 -35 42 -26 19 34 4 
6 13 6 11 6 7 13 12 8 13 7 10 12 12 6 13 9 6 8 13 13 10 10 8 12 7 13 7 11 9 8 9 7 10 6 8 9 13 10 11 13 7 8 11 12 6 6 10 7 7 11 8 12 11 6 8 6 10 10 11 8 11 9 12 10 9 6 12 7 10 8 6 6 13 12 13 8 10 9 12 
-20 26 -39 22 18 -38 23 -52 26 -32 -23 20 -23 -15 -24 31 6 42 -2 -46 -20 -34 -18 -12 -22 -49 41 31 -20 18 -21 -48 -51 -48 -3 -29 -24 14 -47 -24 -24 -48 -9 23 -13 -10 -25 6 -8 15 -29 32 -41 31 -50 -16 10 -34 -11 -53 2 -35 -39 -17 -24 33 -11 -16 -20 -54 33 36 -15 -23 -21 -14 10 1 -22 31 
6 7 9 10 11 8 9 8 7 11 12 10 10 7 7 8 13 13 10 13 8 10 12 10 11 12 7 8 11 10 12 10 8 9 10 11 13 12 12 12 7 12 9 8 9 9 8 11 7 7 10 8 10 12 10 10 12 9 11 6 12 8 10 7 12 13 12 10 9 7 8 11 11 9 8 7 6 12 12 12 
34 35 -22 17 34 -2 -11 10 -52 15 14 -16 13 -18 -31 1 33 11 41 3 31 -35 -23 -30 21 -46 36 -13 -34 32 -46 34 28 -34 32 22 -31 -17 -41 7 0 22 -49 -36 -12 -53 -43 -34 37 -48 -37 -11 -7 -40 24 -34 -7 -4 32 20 24 3 28 -9 32 -48 33 -30 40 5 -35 35 12 1 -1 17 -9 1 24 -55 
11 9 11 10 7 7 13 10 13 12 11 12 7 8 11 11 10 9 8 10 6 10 10 13 6 7 6 8 8 6 8 7 7 8 6 6 7 9 6 10 8 11 11 7 7 10 12 12 9 12 6 12 10 7 11 6 6 7 11 7 13 8 10 6 12 9 9 9 9 10 9 6 7 7 6 12 11 13 9 11 
-3 28 -13 24 -48 34 25 10 28 39 8 -42 -30 6 42 6 30 40 -48 1 -11 -50 -31 1 37 -5 30 -35 -24 -39 31 -21 36 -8 -38 -8 34 37 41 -21 -32 17 -7 -32 36 11 6 26 -14 6 -12 -10 41 -26 18 -55 -5 -52 -27 -24 -14 -32 -13 -45 33 -42 33 24 18 -35 -18 0 -41 -24 -55 42 -44 -47 -38 -53 
6 11 13 11 9 11 10 10 10 7 11 9 13 9 10 13 8 8 10 11 6 12 13 10 11 8 11 7 9 6 10 7 10 7 9 10 7 10 10 6 8 13 7 10 13 10 12 12 13 12 13 13 12 10 9 11 10 11 7 7 10 11 8 9 9 13 6 8 8 9 11 6 10 8 13 12 10 6 9 10 
22 1 -20 -44 32 -53 29 -32 28 -42 -23 24 27 -55 -39 3 -12 -48 -46 -40 10 -25 17 -38 3 26 17 2 2 -15 -48 -44 2 38 16 32 -12 13 -53 33 43 27 -3 22 2 30 38 -39 -27 39 36 16 -48 -43 -23 -46 37 22 -28 -50 36 36 28 26 15 -23 -51 -37 -41 -42 19 -6 -3 -28 -40 -18 33 0 22 -4 
6 6 7 12 10 12 8 7 7 11 6 8 12 8 12 7 8 12 7 9 9 7 13 9 13 7 7 12 6 8 11 11 11 6 13 7 6 9 6 8 8 8 13 6 11 10 6 12 9 8 8 10 9 7 12 10 11 13 10 13 12 10 6 7 11 9 11 8 12 6 6 12 13 10 7 6 8 13 11 8 
32 -54 13 37 -41 -14 -50 39 -25 -25 -41 43 -16 -9 7 12 -1 -7 -27 -25 -31 37 -41 32 5 -41 -10 9 -12 -36 -29 -7 -11 8 15 0 5 -47 43 8 29 -30 3 -41 -25 24 -52 44 30 -55 -4 -1 25 33 -47 -3 5 -26 -12 27 10 26 19 25 15 -16 -3 -14 -11 20 17 -22 39 -14 -46 40 -29 -10 -51 22 
11 8 8 6 9 10 6 10 11 10 10 10 10 7 8 8 9 12 8 12 6 11 10 9 9 12 8 7 8 6 10 11 10 13 8 12 10 13 11 7 7 6 13 6 10 8 11 12 7 9 7 12 8 13 11 10 6 13 11 10 9 11 10 9 10 13 8 9 7 8 10 8 7 6 10 10 7 11 9 6 
-13 44 -31 -26 -4 -27 12 43 2 -14 -5 -3 -6 -55 36 -44 -41 -2 -45 -13 -2 -27 9 -40 -42 -6 -31 -13 -1 -38 -15 -43 29 -6 -27 8 8 42 32 -55 31 -12 -17 -37 -35 -43 42 -50 -9 34 15 -18 -20 35 42 37 -38 -52 -25 10 -3 -36 42 -1 -27 19 28 6 -42 -1 -31 43 -5 35 -7 1 -31 -54 -37 -50 
6 10 9 9 6 13 13 11 6 11 8 7 9 13 7 9 11 8 13 11 13 8 12 10 9 7 6 9 6 7 9 13 6 12 11 10 6 6 9 12 13 13 6 7 9 6 11 11 7 6 10 10 9 12 7 12 13 11 9 6 11 7 13 6 7 9 12 10 8 6 6 9 8 13 7 9 6 8 9 11 
-53 -35 -39 -8 -33 -30 -53 -35 44 -21 -51 14 28 13 -17 19 1 -38 -55 24 -23 -7 -8 -11 -46 -9 1 15 -14 -16 38 41 -42 -24 -34 17 41 -27 33 -16 -40 44 0 29 3 29 -30 20 34 16 39 30 -11 -35 20 6 -31 16 11 -20 4 -15 -12 1 -1 42 -16 -46 2 -53 -32 -18 -17 -39 42 36 -53 34 32 42 
6 13 11 12 9 13 6 9 9 6 8 6 8 10 9 9 7 7 6 7 6 6 10 13 12 8 11 10 8 10 6 12 7 11 13 8 7 12 8 6 11 7 10 12 8 10 13 9 7 6 8 13 13 11 8 8 7 7 13 8 10 7 7 7 9 13 8 11 8 10 12 8 9 13 6 11 13 13 12 8 
13 -29 -38 30 -23 15 39 -43 37 29 -19 6 -53 44 -38 -46 -3 35 -17 -11 11 15 -52 0 -18 -33 32 22 -46 8 18 -24 17 31 36 3 37 8 7 28 -40 -7 -20 42 -30 -48 29 -11 -33 18 39 18 -51 4 -26 38 -8 6 -27 4 -40 -39 -40 11 7 37 3 43 -24 24 33 18 -9 34 25 26 -55 25 32 -14 
11 7 12 7 11 10 7 12 10 11 9 7 8 6 6 9 12 11 11 7 10 13 13 10 10 8 13 9 7 9 10 6 13 11 8 7 7 7 8 6 8 11 7 11 8 6 11 8 9 11 11 13 11 12 6 13 12 9 7 8 12 10 8 11 9 9 13 13 6 11 10 12 9 8 7 7 13 8 10 13 
20 12 37 -23 -47 -14 43 3 -42 38 -54 32 -39 -37 -37 13 -19 -8 -32 42 18 -3 -40 1 -27 -40 -36 -12 -7 -45 -11 -45 -51 -15 -18 -43 -21 -11 -38 13 -20 -51 -23 -39 36 42 -9 -2 -32 23 -22 7 35 -27 -31 26 34 -30 29 31 -20 41 7 8 -20 12 -18 0 20 -1 15 8 5 8 -39 39 -8 -37 -46 9 
6 10 12 12 11 12 8 13 12 10 13 12 8 8 6 8 10 11 12 12 8 13 13 8 12 13 6 7 10 11 13 12 9 10 10 6 13 7 8 11 12 9 6 12 8 9 11 13 12 12 9 9 11 6 9 11 13 10 7 8 11 7 7 11 13 13 8 8 10 9 9 13 8 12 9 6 13 11 11 9 
-28 -30 -15 36 -25 2 -4 -51 17 -34 -38 0 -32 -4 23 43 31 33 -34 -44 -55 -27 -46 -33 23 4 -2 4 13 -14 -38 5 -2 -5 31 -48 -29 -6 18 9 -30 15 40 -33 -9 -9 -24 15 -45 13 -47 4 15 -2 -51 1 -1 -52 -54 -12 -36 -21 -11 -27 38 36 -15 2 -38 10 17 -24 -49 33 0 -10 -1 -32 -37 32 
6 13 13 8 10 12 11 12 12 11 10 10 8 10 8 7 9 7 8 13 9 6 10 8 9 9 12 12 9 8 7 13 10 10 12 6 10 12 9 6 8 9 7 8 8 11 6 11 9 9 11 10 13 9 8 12 9 8 12 13 6 8 6 6 8 9 12 12 13 12 8 13 7 11 6 8 13 13 7 12 
-54 39 29 -40 12 -45 -18 14 29 27 -29 3 -44 -51 -10 -3 26 -22 -5 -17 17 -18 4 6 1 -51 -6 15 -22 -1 -6 -49 -51 -26 40 11 -30 13 -30 -51 -11 -49 44 -13 43 -4 -21 7 -21 -13 -48 34 42 -19 34 -11 -4 9 18 24 0 -28 42 -15 -30 -5 31 41 -49 6 -16 -27 -40 -20 16 8 -1 33 -25 11 
11 7 13 6 6 8 6 8 12 6 9 12 9 12 6 6 10 7 8 11 12 9 12 10 9 10 7 7 12 8 8 9 8 9 6 7 12 6 11 7 10 11 9 7 9 12 12 8 7 10 8 7 10 13 12 13 9 12 8 10 6 12 11 13 7 6 8 7 13 12 9 10 13 12 12 12 6 13 13 8 
-16 -51 20 -15 -21 -23 -43 -24 43 26 14 13 27 -36 24 18 14 43 12 26 -16 36 -41 27 -22 -55 40 44 38 -28 -15 -15 17 -44 -39 7 -13 36 28 36 -10 -27 31 -2 -13 31 9 -22 -3 -31 26 5 19 -4 -8 18 4 7 -37 -1 -3 -12 -51 21 35 6 38 -8 -46 -20 40 20 -3 -55 -54 8 -21 -8 10 33 
6 10 6 11 9 9 11 10 11 11 10 8 9 12 6 12 12 12 12 13 9 12 11 13 13 10 9 8 12 11 7 10 12 9 8 8 6 13 6 13 13 7 6 8 9 12 13 12 6 6 10 9 9 10 13 9 11 7 9 13 10 11 7 8 12 10 11 12 13 9 10 12 10 7 12 10 6 13 7 10 
-31 11 7 -6 -48 8 -39 -20 -51 -37 -42 -47 39 -37 -8 -9 -20 -3 -7 6 13 -42 15 34 -6 26 -44 0 -37 -49 -21 -38 26 -33 37 -41 18 -31 42 32 39 -7 31 -41 39 -26 -14 26 -32 7 -11 4 -26 -7 -2 13 3 -8 -34 24 -54 -28 -28 -44 -3 38 -16 -20 23 -42 -11 4 -39 -53 -42 -49 43 18 -28 -50 
6 13 6 10 11 8 8 9 9 10 13 6 10 11 9 10 8 12 12 12 8 8 6 9 12 8 8 8 8 9 13 6 13 8 10 10 13 10 9 9 6 13 12 12 11 11 8 8 7 8 7 7 11 9 11 13 9 7 8 6 10 13 9 6 6 6 6 9 10 11 13 12 7 12 6 11 8 12 11 13 
18 -35 30 20 23 -36 41 -27 34 22 1 28 -28 1 12 24 43 2 14 -10 -7 10 12 -34 26 -14 -51 38 -23 30 32 38 33 26 -54 36 12 -49 13 37 -5 7 41 43 -33 -21 -26 16 -48 9 11 35 -16 -37 10 -34 14 34 3 24 27 -26 -51 35 -47 21 42 8 35 -54 -26 -26 -8 32 -24 -52 -49 -5 40 15 
11 8 13 9 10 12 6 6 7 12 9 7 12 9 6 7 12 8 8 8 10 6 6 7 6 11 6 7 9 10 10 13 11 8 11 12 11 11 6 10 7 13 12 10 12 9 6 12 8 13 9 10 6 8 6 12 11 6 13 6 7 9 11 8 13 11 9 6 6 10 8 10 10 11 9 7 9 10 10 7 
-47 7 -7 -54 37 33 -42 -37 -6 -48 -3 -43 20 -23 -22 -36 -36 43 11 -5 -37 -41 1 -40 -11 8 -4 31 -14 -33 -53 35 1 4 22 26 39 2 17 16 -38 39 -51 42 -9 8 -19 15 -19 -29 -3 20 -52 33 -6 0 -12 -5 -18 42 -23 -12 29 30 6 -27 -20 1 -51 -45 25 -51 -1 -33 23 -8 -52 44 -28 -20 
6 11 13 8 8 12 12 9 12 7 7 11 6 6 7 12 10 8 7 8 6 12 11 7 12 13 9 12 6 6 6 8 7 8 12 7 7 9 11 9 7 7 6 11 6 6 7 7 11 6 6 9 12 8 6 12 7 10 8 13 7 10 11 13 10 7 12 13 8 6 11 13 6 12 7 13 11 7 11 8 
29 25 -5 -31 25 -25 -48 -36 -42 19 0 -23 37 1 -41 -13 1 29 -53 20 -49 17 -20 -48 -1 0 -3 -1 -44 4 1 6 26 3 -6 -40 -10 42 6 29 -55 -30 7 27 -12 27 -5 17 -8 13 7 -40 -50 -55 -5 4 -51 -39 -33 -33 -53 -24 -24 -52 -40 4 26 26 -23 -31 40 42 24 -24 17 27 1 27 38 -8 
13 6 13 8 13 10 12 9 8 13 7 9 8 11 10 8 10 13 10 13 12 12 13 8 12 13 10 8 7 6 9 6 8 8 13 10 9 13 9 13 6 11 10 7 8 10 11 9 8 11 6 13 13 10 10 13 7 13 8 10 13 13 11 6 12 12 7 11 8 7 8 13 8 7 6 6 13 11 8 9 
-25 -5 -6 -32 8 -38 -29 -55 25 17 -12 39 -10 -48 7 -29 20 26 -17 14 37 33 -45 9 -23 -6 16 -55 34 16 -46 -30 -55 10 22 23 6 -29 -53 39 -53 -30 -41 -13 18 -54 -53 18 20 -52 -31 -26 -6 -26 4 33 -6 10 21 6 41 -52 -7 -39 -8 -52 39 -28 19 -21 36 4 -50 -24 32 8 -42 -50 19 -32 
11 9 12 9 7 13 12 7 12 12 9 9 10 6 9 12 10 13 10 6 13 12 11 11 9 11 8 11 12 8 10 9 6 7 6 6 10 13 8 7 13 10 7 13 10 13 10 12 6 12 11 6 8 12 11 8 10 6 6 13 6 11 9 10 11 9 9 11 7 6 13 12 10 12 7 9 8 6 7 10 
-46 -15 44 8 -44 -30 43 -15 31 28 -30 44 -28 18 -51 21 -11 -40 39 41 -42 -3 -21 -1 -23 -54 -24 22 -43 -9 -26 12 24 37 -42 -22 -51 25 -51 7 -51 0 -20 25 27 16 -18 15 9 10 -2 -40 5 40 -45 40 -50 9 1 16 -44 -54 -30 42 -55 -4 5 7 -4 -45 -27 -20 26 5 -55 -25 -40 -45 6 23 
13 12 11 10 8 12 13 10 7 6 13 13 13 9 10 7 12 10 12 12 7 6 7 7 8 7 13 11 6 13 11 6 9 7 7 11 9 11 8 7 11 10 6 13 13 7 12 6 13 10 12 11 13 8 9 13 9 13 10 8 12 12 6 10 7 6 11 10 12 9 12 7 11 11 10 7 11 8 9 10 
30 -13 -38 -36 27 16 -25 22 17 -6 17 8 -10 -5 -9 -20 -26 9 -5 44 29 -26 -16 23 -6 -32 -37 -3 -20 -15 9 -17 10 -44 18 42 34 -48 36 24 -7 -19 -29 -6 17 25 -12 32 -32 -44 -20 -30 -6 3 -38 -20 -47 14 -41 -35 35 -4 -3 27 -33 27 -30 14 -53 36 -46 -50 42 -40 -12 22 30 28 5 38 
13 7 10 12 7 9 7 10 9 9 11 11 8 10 13 11 8 10 11 6 13 9 7 13 11 9 7 11 12 6 10 7 10 7 7 8 6 6 8 12 8 13 8 9 8 9 8 7 13 11 8 13 12 12 12 11 11 9 12 8 6 8 9 6 9 10 13 11 7 10 11 9 11 12 7 8 6 9 6 9 
43 17 -8 -3 1 -42 -47 -40 -10 -54 -41 30 -24 -17 -49 -15 -15 -21 -38 -44 -5 4 9 13 -43 32 -9 19 43 34 -18 -35 40 -41 -23 10 -3 36 40 -49 -35 19 -4 -38 7 37 -3 -36 44 7 -47 33 -42 -37 14 2 -28 41 39 8 -22 -11 19 -17 43 -49 -25 -6 -3 2 29 25 17 -3 -12 14 -20 28 -38 -11 
10 10 9 6 13 11 10 9 11 7 10 11 11 11 12 13 12 7 6 13 12 13 12 12 9 9 7 9 6 9 8 12 8 8 8 13 10 13 9 6 13 9 10 6 12 9 7 8 7 9 8 11 13 10 11 11 8 12 12 8 12 8 12 13 9 7 7 12 9 7 10 8 11 8 13 11 9 9 6 9 
30 -16 37 -49 -28 -39 3 -28 -38 39 -46 23 -54 -6 -10 11 -34 0 -54 -16 10 32 44 -36 -36 -34 -31 23 -26 -22 -1 38 32 -34 40 -37 27 -26 -27 -25 -15 -16 -21 12 -26 24 20 -32 22 33 22 33 -20 -39 -17 26 -55 30 17 -55 -30 29 20 15 -40 -5 23 -38 25 41 -44 18 15 -39 7 42 38 -13 6 23 
12 6 7 9 9 10 13 13 12 7 11 6 6 11 13 7 10 8 12 9 6 10 6 13 10 7 13 6 13 8 12 13 12 8 8 12 11 10 12 6 9 8 7 7 7 9 9 8 10 10 12 6 9 9 8 12 9 13 10 6 7 10 13 8 13 12 9 13 9 10 11 12 10 13 13 8 13 9 8 7 
2 14 -33 -51 26 -34 34 -38 18 19 -9 -50 -31 13 -52 -8 -41 -42 -55 -11 -8 44 -13 41 18 -14 1 -46 -42 -3 38 20 1 17 -29 -8 31 28 22 -43 39 -2 -24 44 41 -2 15 -33 20 0 -13 -39 -36 11 -19 -1 19 9 -4 30 -51 -8 -36 -45 -26 -21 -20 15 31 -50 -24 -32 -35 18 27 39 -7 44 9 -52 
12 9 13 13 11 6 10 6 12 9 6 12 10 9 10 9 9 13 6 9 10 8 12 8 7 11 9 9 8 10 8 8 12 8 8 10 12 12 6 12 12 8 6 9 11 7 6 8 6 8 11 13 8 8 9 7 12 12 13 10 6 7 13 6 7 9 10 7 7 9 13 6 8 13 8 8 9 7 6 6 
3 32 40 32 3 -48 30 29 -28 -11 -14 24 0 -38 12 0 18 -4 -12 14 5 -30 -21 39 -9 -32 -49 43 -42 -53 -4 20 -1 12 34 10 6 43 -7 -51 -11 11 30 7 -12 43 -52 -14 32 31 39 33 -34 34 36 38 35 34 37 -40 10 26 26 34 -19 -53 -28 32 31 -37 37 -48 -2 30 29 -40 44 -51 19 -23 
9 13 12 9 11 7 7 13 12 13 11 12 7 7 9 10 10 6 12 6 9 7 8 12 7 6 11 11 7 6 10 8 11 8 7 10 10 11 10 7 7 11 6 7 8 13 6 8 12 9 7 9 8 9 7 12 12 10 6 13 9 8 12 8 6 6 12 10 12 6 7 6 6 6 12 11 13 12 6 12 
-50 15 -51 23 -11 -30 -10 10 -17 -23 -53 -28 -53 6 44 36 -42 -18 -37 -52 -1 8 44 -13 -40 -19 -54 -29 -1 24 41 -15 -49 44 -19 9 -6 0 28 -26 -38 26 -46 -35 15 -45 -36 44 13 1 -32 -25 -37 -38 -53 22 -21 13 -32 -14 26 23 27 -48 42 35 21 -22 -34 25 3 -55 -14 -21 -47 -29 -16 21 32 -18 
11 8 10 13 10 13 13 10 10 11 10 6 11 12 11 11 12 10 6 7 10 7 8 10 11 6 10 11 11 6 11 11 6 8 7 10 7 7 7 8 9 8 8 7 12 10 8 7 11 7 6 10 11 11 10 10 6 13 13 7 9 12 10 13 10 11 13 13 7 8 10 11 11 10 9 8 10 9 9 9 
-6 -35 10 -41 -38 18 -12 4 -28 -1 -19 3 43 18 -14 -32 -28 40 -46 31 16 -32 14 9 0 -21 40 -2 19 -35 -44 24 -52 -45 -37 -4 -31 21 -16 16 -41 7 17 -3 -25 -34 -45 30 -4 16 -44 28 -50 32 -33 0 2 18 9 6 -1 -53 32 -25 -8 -33 -27 -4 -41 20 -55 -48 34 7 -30 -48 -12 24 -49 -30 
11 12 7 10 7 9 12 12 9 11 10 11 8 8 7 12 7 11 11 13 13 8 13 9 9 13 7 10 10 9 11 10 7 9 6 10 10 8 12 7 10 7 12 9 9 13 13 6 11 9 9 7 8 6 9 9 12 6 10 7 13 10 6 6 12 9 6 9 8 7 6 6 7 7 9 8 7 12 7 6 
23 -24 3 28 -47 31 42 44 -31 -1 -47 -55 31 12 23 -5 -17 -14 40 -46 -52 32 -36 0 27 44 15 -33 12 44 2 -16 -13 -13 25 -4 -53 4 -35 -4 -21 -27 -16 0 -25 -16 21 -36 -20 3 -52 -45 11 -50 20 15 -40 5 8 -36 12 2 14 28 0 -40 40 -20 22 -27 -19 -55 -51 44 -54 -27 -48 -42 -3 -18 
8 7 13 8 10 9 11 11 6 13 12 11 13 11 7 12 12 8 13 7 10 10 7 10 11 9 10 7 7 7 10 12 13 9 13 11 12 6 10 11 11 8 10 6 6 8 13 12 12 7 8 9 8 10 6 10 13 13 12 6 13 12 10 10 11 6 6 13 8 11 11 6 11 7 10 11 12 7 7 11 
-2 31 -33 32 -21 -52 -47 -6 5 -27 -40 37 -17 -26 -45 -50 -13 -40 -6 -14 5 -42 -13 -52 26 -54 16 39 26 -17 20 -29 -2 -2 -25 -20 -30 20 -50 -2 -6 34 18 -51 -29 -42 9 -35 33 -22 -52 26 15 6 -22 -20 -22 -41 40 -7 1 4 32 9 -28 -48 28 -29 20 14 -27 -37 -21 -20 3 43 -40 -32 30 22 
10 11 10 6 12 6 12 9 11 9 8 6 11 13 9 11 9 10 10 6 10 13 6 12 9 12 11 11 7 8 8 9 8 10 12 13 11 9 9 12 10 11 10 6 12 10 8 10 7 9 11 7 10 7 7 13 9 11 13 11 10 9 12 10 8 11 7 10 13 12 8 12 6 9 13 8 10 9 11 7 
-22 37 8 -42 43 23 -39 -47 13 -19 -12 35 20 30 22 -36 -52 -10 -48 -54 -15 41 -53 -53 -48 -17 -18 21 -40 36 24 -43 -49 10 -55 37 0 -24 33 -26 13 -7 38 -27 44 10 44 -19 -40 17 -41 33 -51 23 25 -30 -17 18 -21 37 -41 -30 -51 -54 18 8 3 -5 36 -15 -38 -26 -27 26 -2 29 -51 4 -42 -39 
10 7 8 13 12 9 13 11 7 7 6 10 8 6 6 10 8 7 11 10 12 10 9 8 9 12 10 6 12 12 12 11 9 10 11 7 9 9 9 11 10 8 11 8 10 11 6 8 11 7 10 10 6 13 13 9 9 6 11 7 11 9 13 6 9 9 7 8 10 10 7 7 8 13 10 7 8 10 9 11 
27 -40 -48 40 -35 11 21 13 -37 -33 -43 -52 -19 18 11 34 35 32 -22 38 7 -47 -8 -50 -7 37 -53 38 1 5 42 -13 -15 -35 -1 39 -20 -38 -20 34 -54 -26 27 12 25 -30 -38 -2 -29 -48 -25 13 -11 32 -47 -37 -25 -52 -45 -13 29 -6 8 31 -50 -15 -5 -40 6 -4 0 -52 13 -14 -21 40 6 23 33 35 
7 11 13 12 11 8 7 12 10 7 6 10 7 6 6 9 9 8 8 10 8 7 10 6 13 11 6 7 13 11 7 8 7 11 10 9 6 7 10 8 8 7 6 13 8 11 7 13 9 9 12 9 12 12 8 7 12 8 7 9 8 12 12 13 8 6 7 6 12 13 6 8 10 11 9 9 6 9 10 6 
14 -45 -8 -41 22 8 -33 40 -3 4 -55 28 -38 -55 24 -44 19 -37 28 -52 -24 6 10 -52 -54 -10 5 29 -44 28 16 -3 9 -3 -39 5 -21 1 40 33 -24 -7 30 -7 -1 40 -21 -3 13 -29 -46 -10 32 7 -31 -36 -13 35 29 -12 -25 -22 34 -45 -18 -43 -10 -47 -9 5 -50 -14 -42 20 -10 7 40 25 -50 -19 
9 6 10 12 7 13 10 10 13 10 7 12 13 6 9 7 11 13 8 6 7 6 7 13 13 8 9 7 11 13 9 8 10 12 8 13 9 9 11 10 6 8 11 12 6 10 10 9 8 7 10 13 13 13 8 7 10 7 9 10 9 9 11 8 13 11 7 12 13 13 6 7 10 11 10 6 12 8 6 9 
41 2 15 14 44 22 -27 -9 -9 18 26 -22 44 26 -33 -11 40 -15 22 42 -17 -16 37 -41 -26 5 13 15 -18 19 -3 -42 -2 -3 14 -33 16 -7 41 -19 -16 23 -45 -47 36 -34 -49 -39 31 22 13 31 -43 31 -10 15 -42 -7 24 31 -54 28 -41 10 -32 -38 9 -53 30 3 -10 23 29 -20 34 36 -19 -53 19 31 
8 10 6 13 10 6 13 13 7 6 11 9 12 12 6 13 6 7 13 7 8 13 9 6 7 10 9 13 12 10 10 12 10 12 6 9 10 9 13 10 11 11 10 6 13 8 8 13 8 9 12 6 8 6 12 8 12 13 8 10 7 11 8 6 6 9 7 11 12 10 7 11 11 13 12 13 11 6 13 12 
19 37 -29 22 -54 30 -4 28 23 -37 -30 -13 -6 19 -3 -39 -21 -9 7 0 36 15 -48 35 9 -26 23 36 -39 33 -20 -25 36 12 -25 -54 31 -22 18 -9 -40 26 34 -49 30 -2 18 0 11 41 32 25 0 -12 44 -12 -40 24 -42 -43 13 -38 -37 21 -36 26 -37 -38 23 25 2 21 -12 -26 -19 -45 -25 3 -42 -48 
13 6 11 6 11 13 10 6 8 13 8 8 11 9 7 11 10 12 13 13 11 6 8 8 13 11 7 10 10 11 10 12 8 13 13 13 9 13 8 7 7 8 11 11 12 13 9 9 9 7 10 11 13 8 6 10 9 8 6 8 9 7 13 8 13 7 7 11 9 13 8 13 10 9 8 7 10 11 6 6 
21 -12 -34 10 29 18 4 -25 -21 -19 39 -45 -36 -45 14 34 -21 30 -8 23 35 -1 12 -3 -44 13 -53 43 25 -39 38 -17 40 16 -48 42 -20 -28 -11 -26 -9 -9 30 -45 -44 -38 -41 -38 8 24 19 35 -51 -26 39 22 6 -46 41 -11 -36 34 -34 8 24 -33 -6 1 19 -51 19 -52 34 34 -11 5 -6 -53 -36 -23 
7 10 7 8 11 9 7 13 9 13 7 9 10 6 10 8 8 13 9 7 9 7 11 12 6 10 10 13 13 6 8 7 12 6 10 10 7 7 12 10 11 8 13 10 12 10 13 12 12 9 12 12 13 12 12 6 9 10 9 13 8 6 8 13 10 12 6 11 13 12 11 12 9 7 6 11 10 7 11 7 
-3 7 -26 -9 -17 -21 5 -44 11 38 -11 -35 -38 38 -7 29 -39 -24 -19 -9 29 -24 21 29 -47 -6 -39 5 -44 -23 27 -17 29 4 13 34 -20 27 12 -26 -27 -37 1 -45 -53 25 -29 -8 -22 24 -23 -50 -23 -8 -42 -46 -25 2 -54 -36 -24 42 -29 26 14 24 36 16 -47 -10 -15 33 0 16 15 42 24 -27 -52 -31 
7 7 11 10 9 10 13 9 9 8 7 6 10 9 8 12 7 11 9 6 9 10 11 9 11 7 12 7 11 12 6 13 12 7 8 7 11 13 9 11 6 9 10 11 11 13 11 7 8 8 9 10 7 8 7 12 13 10 10 8 10 8 10 6 11 10 13 12 7 8 6 9 7 7 6 10 10 10 10 8 
-6 34 25 -39 -53 -51 -10 -38 5 -8 10 17 -51 -20 28 -27 -25 27 -26 -1 21 -6 27 -22 11 13 -36 -27 -4 20 6 42 -5 -36 -43 -45 26 -25 -40 -31 3 44 -35 -15 18 27 22 -34 -14 -53 -28 -34 -21 -15 -2 -48 -49 40 -23 6 12 25 -9 -4 30 -3 -14 8 -51 -28 -49 40 -12 0 10 5 -29 15 -36 -39 
12 11 7 13 13 7 12 11 8 12 10 13 10 12 9 8 7 13 13 10 11 6 9 8 10 10 11 7 6 6 10 8 10 8 6 13 13 9 6 9 8 13 8 8 11 7 13 9 13 10 10 13 11 6 6 11 11 8 9 10 10 13 10 11 10 8 12 13 7 10 10 11 12 9 8 12 10 13 12 9 
0 -31 -21 -37 17 1 29 -55 -9 -7 -52 -40 4 1 17 19 -21 37 -38 -40 4 9 -46 -8 -25 -42 -42 -52 36 -26 -11 -39 30 -28 -22 -16 39 -16 -51 32 12 -40 -33 29 41 -20 32 -41 -9 -6 26 -34 36 -30 36 -49 -13 -32 -38 -18 20 -41 -49 -31 38 41 -28 -7 15 -9 -13 28 8 27 -12 15 -34 16 42 13 
6 7 11 8 8 10 12 10 7 11 6 6 10 13 12 12 9 10 12 10 8 11 11 8 6 11 8 6 6 10 13 13 13 9 11 12 13 10 13 12 10 10 8 6 12 9 9 11 12 9 7 12 10 13 11 12 6 12 6 10 13 6 10 11 6 6 11 7 6 8 7 11 9 6 12 8 10 6 8 9 
-28 37 -6 -47 42 17 -36 30 -3 -24 -19 -42 -8 -7 5 -42 0 20 -33 33 16 18 5 -43 -5 -27 -35 -23 -11 -37 -42 36 -33 -4 -38 18 22 30 -25 6 36 -7 19 24 -27 8 24 -52 -3 -10 28 -22 15 36 -46 -13 5 41 25 44 37 -5 -16 -2 12 34 10 -30 -20 -45 -1 26 36 -13 -13 11 22 -8 27 -48 
13 11 6 12 9 10 13 7 13 12 13 10 11 6 11 7 12 12 8 6 7 8 10 10 12 11 11 12 9 10 6 7 6 10 8 11 12 7 12 6 11 10 10 8 12 9 8 13 12 11 8 8 11 12 12 6 11 6 8 9 13 9 8 7 8 12 10 10 11 12 12 8 13 12 9 6 11 6 8 9 
1 16 -48 -24 21 -45 -12 -31 -47 -28 -25 22 -32 -43 16 -24 35 -21 7 -37 23 -45 29 14 -10 26 37 -39 -51 19 -54 -34 5 28 -42 1 -33 -2 -23 29 16 -47 -47 18 20 3 44 4 5 -18 26 -49 0 -17 -16 -43 0 42 17 -38 -50 27 -27 -2 -45 -17 -16 20 27 40 12 -7 -50 1 -55 10 38 30 7 -26 
10 8 10 8 8 7 6 9 10 7 13 8 12 6 12 10 8 10 7 7 8 7 13 6 6 8 12 8 9 13 7 12 11 11 13 11 10 10 12 12 11 11 13 11 13 9 10 6 13 10 13 9 6 13 11 10 12 6 9 7 9 7 13 6 7 10 8 13 6 13 11 12 8 12 8 7 12 13 10 8 
16 -21 -1 -12 -26 41 -32 -55 -39 35 -33 17 -32 -33 -47 -7 -53 6 -9 -27 9 -34 -46 -54 -52 9 -40 43 -30 -21 -3 -20 -55 -47 10 -8 -14 -54 -28 5 27 2 36 42 -16 37 -30 36 -42 41 -37 -55 -33 15 36 29 1 4 -44 17 -33 -10 9 -46 16 12 1 38 25 34 -42 -46 -32 -54 -12 15 2 0 -18 36 
12 12 13 13 13 9 8 9 7 12 6 10 13 13 8 12 13 12 10 13 11 7 6 11 11 11 11 11 6 10 6 12 6 13 10 11 13 10 12 9 11 7 10 10 7 8 6 7 8 12 6 6 12 7 6 7 8 12 7 11 9 9 9 9 11 8 7 9 8 10 10 12 11 7 9 11 13 12 7 7 
-17 -13 5 28 10 -51 -14 -21 -40 40 -20 -13 20 -28 -38 -6 8 -15 -41 40 -28 -31 16 27 -6 7 9 -12 -44 -43 31 -27 -39 41 -43 35 -24 -28 -43 -25 13 -2 -7 44 -55 -14 -1 15 -4 -3 13 -29 41 -19 -4 -34 38 -12 -20 -24 -16 -12 27 14 -31 -27 34 -27 28 30 -19 -32 10 21 -55 -25 23 -31 -4 -34 
11 9 8 11 9 9 11 7 10 10 10 13 6 11 7 6 12 10 8 7 9 8 11 10 11 13 7 12 6 11 12 8 7 6 6 12 7 7 6 11 10 13 10 11 8 13 6 7 12 11 10 7 11 10 13 6 8 8 11 13 6 6 12 7 12 6 13 13 8 13 10 10 13 12 12 9 7 9 7 6 
4 26 -25 -15 -12 -10 32 -46 -41 -9 -28 22 1 -7 33 31 -9 -8 11 -49 -30 -46 -1 -31 23 -10 19 8 30 38 -52 6 -37 -43 33 19 -12 -18 38 7 -41 -16 12 -46 6 -34 7 10 0 -31 38 -10 -31 -37 30 -3 -50 -18 -7 -47 -50 6 44 -43 36 43 15 17 11 -6 4 -12 30 -51 -1 26 23 -51 36 -49 
8 13 11 9 11 13 7 10 6 11 7 11 8 7 9 7 12 12 11 6 9 11 13 10 7 12 9 12 11 7 9 8 12 7 10 6 7 9 8 10 8 13 11 6 10 10 8 7 9 6 10 13 6 6 10 7 10 10 13 7 7 13 13 9 11 12 11 10 6 13 11 6 6 10 8 10 9 6 10 12 
19 6 -32 -37 20 -21 12 -49 0 -24 25 1 -22 28 -29 19 34 -9 10 -52 -53 -44 30 -19 -32 -9 -41 -38 36 -17 -9 38 31 22 32 -12 26 -10 -33 36 -21 32 41 17 23 1 -22 -7 -47 0 3 42 -17 -41 12 -15 -27 26 29 12 -4 -38 -48 32 1 -48 -28 13 -33 35 -36 -26 22 -52 0 -21 -47 28 7 16 
10 10 13 8 11 6 11 11 8 7 7 12 10 11 13 8 6 10 9 9 12 6 12 12 6 9 9 11 12 6 13 11 7 9 7 8 6 8 12 7 6 6 13 12 12 6 13 6 8 13 6 8 10 11 12 9 8 11 12 6 12 8 13 6 7 10 8 7 10 10 13 7 7 11 7 6 11 10 8 10 
-34 26 10 13 42 -22 36 -14 -34 -53 16 -54 -33 -53 -44 -25 -48 -26 -55 -52 -7 -54 -17 -29 27 31 -11 27 -30 26 -51 -38 43 -18 11 29 -53 -18 42 31 0 2 24 -40 4 -8 7 31 7 24 28 -14 4 35 -33 23 -16 -47 -53 -2 -53 -47 23 14 19 25 25 21 -54 2 38 9 14 -47 22 -33 42 31 -15 17 
9 7 8 7 10 13 9 9 10 12 8 8 13 7 13 9 9 12 12 9 8 10 8 7 8 13 7 8 10 8 8 10 8 10 11 10 10 13 8 10 11 10 10 13 7 9 13 13 7 8 6 7 9 9 10 13 10 9 10 13 13 6 13 7 9 9 6 13 13 12 7 6 7 6 7 12 6 12 8 7 
-41 -23 -13 -29 39 -46 0 38 6 -23 -47 -34 9 -8 -20 -22 26 -15 -31 -43 -6 6 -28 -54 -26 -11 -35 26 -15 -23 22 -30 -11 7 -46 -53 -6 -12 37 -9 7 -22 1 -39 -22 9 3 -7 -50 -32 -36 26 -33 33 -42 7 26 21 34 7 -27 -17 -28 16 18 10 25 -18 15 17 16 -51 36 27 38 -31 12 -8 -38 5 
6 11 10 7 7 8 7 13 11 11 11 13 8 9 7 9 13 10 10 6 7 7 8 12 6 7 11 11 12 13 9 12 13 12 6 13 13 6 12 10 7 8 8 8 10 11 7 11 9 7 9 11 10 8 13 10 6 13 13 9 11 7 11 12 7 7 11 11 6 11 11 11 6 11 9 12 9 6 12 11 
-55 9 12 22 -49 11 -26 19 42 28 36 -52 -41 17 14 -23 42 -4 27 -5 -51 -45 -6 11 -52 0 2 -32 -52 14 22 -51 -11 19 -27 -38 31 7 -26 17 34 36 -33 -24 28 -34 -14 10 43 -20 25 -13 0 35 31 28 16 43 39 14 4 29 -7 13 -42 -24 -51 -12 26 -22 -34 11 -6 -8 44 -18 34 -48 6 0 
7 8 12 7 10 8 6 6 11 12 7 6 11 10 12 9 10 12 11 7 9 6 13 11 7 6 12 13 10 13 9 10 8 6 10 9 7 12 10 7 10 9 9 6 13 12 13 9 11 10 9 11 13 8 13 9 6 8 6 13 13 11 7 12 11 6 8 10 6 7 7 13 13 9 13 7 12 7 10 8 
9 -39 -7 -34 -32 -35 40 10 -3 21 -39 -35 -39 -19 40 -16 19 -33 -38 -39 -53 -43 -44 37 -38 26 14 -24 -17 31 41 23 33 40 43 13 -26 -49 -53 -27 40 40 -45 -50 -14 -51 -12 -17 -55 -36 -19 -27 -52 -1 40 42 36 24 6 -52 -48 -27 24 -18 8 -47 -27 11 -45 20 38 15 23 -9 4 13 0 -41 28 23 
7 13 6 8 12 6 6 13 11 8 6 9 6 10 11 8 9 10 9 12 12 13 8 11 11 12 11 6 12 8 8 11 9 7 13 13 6 7 8 11 13 11 11 6 8 12 13 7 7 9 12 8 11 9 9 9 10 8 13 7 12 9 11 8 13 12 13 10 12 8 12 12 11 10 10 13 8 7 11 12 
38 -7 -34 -50 4 -28 -40 -13 31 -32 -49 36 15 -53 -48 42 -51 19 9 -28 -5 12 -24 29 -41 -18 7 -45 -33 22 42 14 -49 9 33 -52 -40 31 0 -46 30 14 -47 -29 -23 20 -51 -25 25 -48 37 35 -27 20 -46 43 -24 27 -25 -20 -49 9 -50 -37 -33 27 29 37 27 22 -46 -55 32 24 -31 27 23 -30 -11 -10 
11 10 7 10 12 9 7 9 10 13 6 7 10 9 6 7 9 13 10 7 10 6 6 12 11 8 9 13 11 6 6 8 6 9 9 10 13 8 8 11 7 7 7 9 12 11 8 12 12 12 11 10 11 12 11 11 8 7 9 7 7 12 13 7 11 11 10 10 8 7 10 9 8 13 10 13 11 6 6 7 
-12 -39 31 39 -42 -8 36 -7 -27 6 -9 30 38 25 -13 -4 -7 26 31 -4 21 32 16 -10 -41 -24 -18 25 -6 -7 42 7 7 -11 40 36 44 -23 23 24 38 -30 -23 -22 40 13 -43 -17 -18 -3 21 -54 -2 38 17 16 -41 3 13 39 -45 35 -1 -37 7 -27 13 41 -42 2 19 -21 31 -17 24 -4 2 -53 -42 -48 
13 7 9 12 10 8 8 12 9 12 8 7 6 8 11 13 10 11 8 13 11 7 10 8 13 10 11 11 6 8 11 9 9 11 12 8 9 13 8 10 8 13 12 7 8 9 6 9 10 11 6 8 6 7 9 7 10 12 12 7 6 9 7 10 7 9 7 11 10 10 8 12 12 11 11 8 8 12 13 10 
-13 41 -21 -20 -18 -38 -47 -31 -10 25 -39 34 -34 -6 -39 -11 -18 -47 -11 -20 37 -35 -15 -47 15 7 35 -43 -53 -45 29 -43 35 38 -46 -39 3 16 -22 12 38 17 -26 -8 3 -30 11 -30 -48 -23 25 -47 24 -3 -47 20 -54 30 14 -40 36 25 10 -46 5 -10 -16 37 -54 19 -19 36 3 -48 14 11 -47 -40 -20 22 
12 12 10 6 7 13 10 11 6 6 12 9 10 13 12 11 13 6 9 9 13 10 11 12 12 10 12 7 13 12 6 13 9 13 6 6 12 8 8 6 9 6 12 7 13 6 7 13 10 7 12 10 10 12 12 12 8 7 12 12 9 9 7 9 8 8 11 12 11 10 8 12 8 10 6 13 12 9 6 13 
0 -31 -1 2 13 -8 6 23 18 43 5 13 21 42 -31 -7 -52 -39 3 20 12 35 3 22 -50 -35 -43 36 -5 -8 -25 -54 5 35 -5 22 -36 -11 -21 -22 10 -23 18 -16 15 42 -12 -3 -21 -39 1 -7 9 -19 -3 5 -32 -25 36 -32 -48 -11 -31 -26 -28 40 -40 -3 -23 -27 -36 -38 -3 36 -55 -20 17 19 18 -49 
9 9 11 9 10 7 6 8 11 10 10 7 7 10 7 9 9 12 6 8 10 6 8 11 13 8 11 10 9 11 9 12 7 7 9 12 12 7 10 7 9 8 13 9 10 11 11 9 11 6 7 10 9 9 12 11 8 7 10 9 9 12 13 10 7 7 7 6 10 8 8 10 11 11 11 13 9 13 10 7 
-10 -31 39 -51 -22 -33 -31 -39 -2 35 -9 19 -51 -35 -47 -14 -36 28 21 30 -35 10 -2 -40 -12 29 2 29 -40 -36 -8 26 -40 16 -19 -36 11 6 44 -19 28 39 43 7 6 17 -24 24 40 42 -36 -55 -36 18 -5 -41 -11 -38 -4 -1 17 -15 38 -40 -48 34 -13 38 -10 4 8 2 -33 -35 -51 -8 -51 -54 7 -16 
10 6 12 13 11 6 9 11 7 7 9 7 12 13 12 6 6 7 6 13 10 10 10 11 10 12 7 12 9 6 10 8 10 9 12 11 12 12 13 6 9 12 8 6 7 6 9 12 6 9 13 13 11 8 9 11 12 6 6 11 13 10 11 8 11 6 11 8 7 10 9 13 13 6 9 7 6 8 9 9 
-2 -42 43 -52 -14 44 -44 22 -31 -36 14 -53 -23 -1 27 38 1 -40 -13 -29 37 -41 -18 -32 -7 4 -52 -47 17 39 -29 -54 41 9 -14 -14 44 -48 10 -54 14 -20 -54 28 35 27 7 -22 -18 2 -45 -22 -46 8 5 35 -18 38 -26 -28 30 40 -10 15 33 -20 -26 -40 -54 -40 -40 -33 4 -8 -8 19 29 -4 -38 33 
9 12 13 10 11 10 6 11 11 7 11 9 9 8 13 10 13 13 11 6 11 8 9 12 10 6 9 12 13 11 10 6 10 11 6 11 9 6 8 11 7 11 13 6 12 8 10 7 9 9 7 6 6 7 11 13 11 11 8 13 6 12 8 9 12 12 7 11 11 10 11 6 7 12 10 13 11 10 11 10 
-42 -26 -17 -25 35 21 0 44 -21 -48 -28 14 -43 -48 20 21 -29 20 4 22 -14 28 6 41 -34 16 40 7 27 21 -50 -46 -38 -34 -21 33 20 23 -16 -35 -16 30 -13 32 3 8 -40 16 21 -17 -22 4 -7 -41 -4 -19 -14 -55 9 -9 44 22 13 -27 36 37 25 -22 -44 29 14 -31 0 -35 -4 -20 -14 -31 44 -23 
6 9 13 6 8 11 12 9 6 9 6 6 7 10 8 6 13 8 11 11 7 7 13 7 6 6 9 11 6 12 8 9 7 13 8 11 13 13 12 13 13 11 12 8 10 10 6 9 6 12 13 10 12 8 9 8 6 6 7 13 10 8 11 6 11 11 11 7 13 6 6 13 8 11 12 12 9 12 7 11 
-16 -50 26 -12 43 -29 -27 -4 9 14 15 15 -42 -23 8 40 -49 -8 5 40 26 39 35 12 6 -18 -22 40 -27 -6 43 -3 -26 28 -4 1 -54 19 28 -39 28 -17 -51 -49 8 8 25 -39 -54 -21 1 18 20 -49 16 -52 9 -54 -25 6 30 -25 35 -34 16 -37 -29 -11 -16 39 -24 18 20 -15 -21 12 -29 -28 25 24 
7 6 6 12 13 9 10 13 8 12 11 13 13 10 7 10 6 7 7 13 13 7 6 12 12 12 7 8 11 8 6 7 10 7 10 12 7 9 9 13 10 6 12 13 8 10 13 12 13 12 7 12 12 10 12 13 12 7 13 11 11 7 13 6 6 10 6 11 13 8 9 9 9 12 8 6 7 12 7 11 
20 7 33 -40 -18 -25 27 13 -22 -50 -8 -5 -33 -4 -26 -2 -8 -45 -46 36 -11 18 -18 -28 21 14 29 -21 19 -54 11 -45 -38 -39 29 29 -50 -19 4 -46 -28 -14 -50 -32 -39 11 -32 38 12 16 -21 33 -8 41 -12 16 31 25 30 -50 12 -21 -1 -37 2 1 38 40 18 -6 -5 -13 -37 10 -45 -33 -12 19 -47 -13 
7 12 6 10 7 12 9 6 10 10 10 7 11 10 8 6 9 10 7 12 6 8 11 10 6 9 10 11 12 6 10 8 10 9 12 13 8 9 7 10 7 11 7 13 6 10 7 13 12 8 12 10 7 13 12 11 13 6 8 8 9 10 6 10 8 10 10 7 12 7 13 10 8 8 6 11 6 11 9 11 
13 -13 28 -18 6 20 26 32 6 -12 14 -51 29 42 16 29 -54 -25 -29 32 -7 -1 32 -46 -48 -24 -13 41 -11 5 -10 -26 -16 -46 -34 13 13 -9 -39 33 12 -26 -36 12 -5 -23 2 34 -21 4 38 8 -49 23 -14 3 -31 31 -29 -26 2 -38 -42 -4 -43 -48 -20 -40 27 -29 -2 19 -3 -42 32 -24 -7 33 24 38 
11 9 6 8 8 12 9 12 11 10 10 12 9 9 12 8 12 9 11 7 8 10 6 10 12 11 12 6 10 8 13 13 8 12 13 7 7 7 13 13 11 10 11 7 12 9 11 6 13 7 13 12 12 9 9 11 9 11 9 12 10 8 6 9 6 9 13 13 9 11 10 10 7 13 6 10 12 10 6 10 
-49 -4 -5 23 -7 -35 -55 -16 -15 -20 -13 -46 -30 -12 40 2 1 -21 8 36 -20 24 -48 13 10 -39 38 18 24 -24 -37 -37 31 23 -42 -5 -30 -29 23 18 -54 -51 28 30 28 -26 -17 38 12 13 -8 -12 -8 2 -44 18 42 -6 -18 40 -35 -48 13 -8 -55 6 -22 -39 38 -48 -5 20 -37 36 -20 23 31 -26 9 -48 
12 7 6 8 7 9 10 8 11 12 13 11 8 7 10 11 10 12 11 7 6 13 13 11 12 11 11 7 12 13 7 6 10 6 7 9 12 10 13 13 6 10 9 11 11 6 10 7 7 11 11 11 11 6 11 13 9 7 7 6 8 8 12 12 10 8 8 10 12 11 8 6 13 13 8 12 11 7 6 9 
22 -8 -54 6 -26 -52 37 -30 44 34 9 33 40 12 -33 15 18 -53 8 37 6 11 -47 -21 44 -21 -1 21 15 33 -9 1 -1 5 -49 -4 -27 19 -42 28 8 -6 42 -49 34 42 15 34 5 38 18 -36 -1 -45 -9 44 -30 43 11 -4 20 -11 1 -17 38 -52 -20 34 -5 30 0 26 36 -25 29 9 -3 -22 -39 2 
11 13 13 7 12 11 12 10 10 8 9 13 8 12 12 13 8 11 6 12 13 10 9 6 8 10 8 6 10 13 8 10 10 9 8 12 7 11 13 11 9 13 9 10 11 11 12 7 11 11 12 7 13 12 9 8 12 8 12 7 10 12 9 11 11 7 10 9 13 9 7 9 11 7 11 8 10 12 8 8 
-18 25 -44 33 -34 -24 -34 -15 -54 -50 -23 31 7 -32 29 36 -44 19 -19 39 17 15 -10 -27 4 -28 14 -25 -22 30 15 -38 -47 -6 15 -41 31 37 -54 -20 37 -47 -2 -14 -27 30 41 41 1 27 24 -23 9 32 31 -45 -54 -42 -31 3 36 -14 -19 31 -23 -50 -47 -8 -5 38 10 -22 28 -35 -27 -22 8 22 8 -40 
8 10 13 8 8 11 6 9 9 7 7 9 7 8 8 6 8 6 13 12 7 7 9 10 8 6 11 12 12 8 8 10 8 11 9 8 9 8 6 7 11 10 10 12 10 7 9 7 8 7 8 7 8 11 13 13 10 7 6 6 9 11 6 13 9 6 13 8 13 12 7 9 8 11 8 7 10 8 6 6 
28 38 27 -44 36 33 -24 30 -40 -52 11 -32 25 -50 34 -39 -16 -41 -7 29 11 31 -36 21 12 -2 -45 23 -54 -43 -19 18 -36 44 -13 34 3 -28 10 25 10 -6 19 28 -44 -40 -46 12 33 24 10 -49 41 -41 23 -5 33 16 -7 9 -29 -7 -48 29 1 -23 -33 22 -11 -54 33 44 -12 17 -2 29 -2 -44 22 -39 
9 8 12 8 10 7 9 6 7 7 7 8 7 11 7 8 9 13 8 10 11 13 7 8 10 9 12 9 11 6 6 13 10 6 9 12 9 10 8 8 12 9 6 8 10 10 9 7 6 7 9 12 6 11 13 11 12 13 7 12 12 13 9 10 13 6 7 7 11 12 7 6 12 8 7 9 10 11 6 12 
-8 26 21 9 -24 -25 -13 -35 -48 12 31 19 36 28 1 -48 1 -12 9 8 -29 33 -13 -21 -41 -53 22 -10 38 -20 -15 -54 0 -3 -6 29 -31 40 23 12 34 9 -45 -47 -53 30 26 -6 -53 -7 3 -43 39 3 -3 41 -40 -21 -49 5 35 7 -43 4 -42 15 16 0 -19 36 21 27 35 35 21 39 26 37 -9 9 
8 6 11 10 10 9 13 8 12 9 9 10 7 13 9 8 11 8 7 12 9 13 9 8 8 10 10 12 6 7 11 12 10 8 10 9 8 9 10 7 12 10 11 7 10 12 11 6 13 11 13 6 7 12 10 11 9 8 13 8 11 10 10 11 6 13 10 7 8 9 8 9 8 8 8 13 10 12 9 9 
-28 -53 -1 -27 26 34 30 -15 -32 11 -19 37 36 9 -36 -24 43 -52 -16 -5 38 -36 -17 -34 38 -6 10 -21 -6 37 -31 -50 6 -13 30 -39 30 0 33 -11 25 -54 16 -16 -2 -26 1 4 18 -10 28 15 31 35 23 1 29 -31 -33 36 -40 29 17 -18 29 -23 -43 16 28 26 -30 28 -11 -21 17 36 -3 -35 42 41 
12 12 10 12 9 7 10 8 9 13 12 6 7 7 6 9 7 7 10 11 10 13 8 9 10 8 6 13 6 11 7 6 7 11 10 6 12 6 6 11 12 6 10 8 11 13 9 12 6 11 13 11 10 6 11 12 9 10 9 11 7 9 11 8 12 13 11 8 11 12 10 10 11 10 10 12 11 13 7 6 
-26 -20 -55 -50 -17 14 -50 19 -52 39 -32 25 35 -24 33 23 -46 -24 40 -9 35 44 -49 -29 -20 39 -24 -53 39 -22 15 1 25 5 -23 33 37 -46 -4 35 -33 13 -25 29 13 38 7 -43 -1 -37 -31 31 -2 5 -14 14 -22 -4 33 -43 -8 -35 0 19 1 0 6 8 -27 -54 -45 14 -26 33 -40 31 -23 13 -48 -43 
6 10 8 6 6 11 8 6 13 12 9 12 8 7 13 8 12 11 8 6 13 7 12 11 6 13 8 6 10 10 10 12 10 6 11 12 7 7 10 13 11 11 11 12 11 13 9 10 8 7 9 6 7 10 10 7 13 9 10 13 6 13 10 8 8 12 13 9 12 11 13 8 13 6 7 13 12 13 8 11 
37 29 42 20 30 -5 36 -42 38 -51 29 -28 3 19 -39 -10 11 33 23 44 38 33 8 14 17 5 -28 -34 -12 22 -11 36 5 -1 -16 -37 -2 41 20 -2 -51 39 -32 10 -15 -28 -52 -34 36 -52 -26 22 44 -36 14 21 14 -34 -35 -55 5 -35 18 40 -6 -25 11 28 -52 31 29 -50 -13 -27 -20 -20 -23 23 6 -44 
13 8 7 9 9 12 6 9 9 12 9 6 9 6 8 8 11 10 10 13 10 9 13 7 6 8 8 12 10 13 12 6 10 9 11 10 9 6 7 12 9 10 6 11 13 12 12 8 12 7 9 13 6 6 13 12 12 7 10 13 11 11 9 12 9 12 7 10 11 7 9 11 6 12 13 9 13 12 11 7 
-26 -14 0 -21 0 -39 -47 -5 24 18 -8 10 27 -31 -16 0 -39 -3 10 -15 11 31 43 -22 22 -22 -22 -13 5 28 29 -42 30 8 27 16 37 41 -16 -45 -42 -54 22 32 26 38 3 42 -45 -26 -49 -9 19 -24 -17 -43 -18 38 -26 -13 -45 -49 27 1 1 -15 11 -19 34 -43 -44 -32 -9 31 -26 -40 -31 21 1 39 
9 6 13 13 11 9 6 9 11 7 9 9 10 13 13 7 10 6 8 10 10 13 11 13 9 9 6 10 6 10 12 11 7 11 11 9 8 9 13 9 7 11 10 12 6 11 10 13 8 12 13 9 8 11 13 10 6 11 7 12 11 12 6 12 7 12 8 13 9 9 13 13 7 13 13 7 6 10 9 10 
-5 -29 -11 6 16 9 -52 -15 -10 44 17 -10 -20 -2 -23 13 20 13 37 -38 7 10 -42 15 -2 -39 -34 -53 -26 2 -12 0 -11 -6 -26 42 -33 10 17 -50 22 43 -5 -18 30 -1 1 -2 44 -9 -32 20 33 41 41 -5 -39 28 1 24 -52 -11 -38 21 -51 40 -25 19 34 -28 -52 31 19 -37 -34 27 6 -3 -52 33 
10 12 11 9 11 12 6 8 13 11 12 8 12 10 13 13 11 13 10 11 12 9 13 13 8 8 10 6 7 10 12 11 10 6 10 9 6 10 11 11 12 7 8 7 8 8 10 10 7 12 12 9 12 10 10 9 12 13 10 9 8 8 9 7 11 11 10 7 13 7 10 11 7 7 7 8 8 7 11 13 
19 24 -26 -39 -14 -31 -24 21 -42 21 -44 12 21 -18 -2 -13 -23 -22 4 -28 -7 -45 33 -26 -43 18 39 29 4 19 29 -34 37 12 -44 5 -13 -24 24 26 38 3 5 -38 -17 -5 -18 10 -34 -24 -44 9 -19 -29 19 -30 35 43 -54 -24 -50 14 -32 21 -30 -29 36 -27 -28 0 -43 35 9 17 4 20 -37 21 34 39 
9 10 9 6 9 12 7 11 6 10 9 8 6 7 8 11 6 9 8 8 8 7 12 13 10 13 11 8 12 6 10 8 9 9 10 9 11 7 11 12 9 12 9 13 10 12 6 7 6 8 8 13 10 9 12 11 13 13 11 13 9 7 12 13 12 11 11 11 7 10 8 8 6 11 11 11 10 12 7 8 
-1 14 -17 -43 -30 18 4 -9 22 -40 -44 25 30 9 -19 -24 19 -53 3 -41 -39 -48 -38 -29 43 -31 30 2 -50 27 30 -49 3 6 -33 -15 -18 -24 -14 24 -27 -52 -35 24 20 42 26 21 17 30 40 39 -24 14 -42 19 25 17 41 -54 8 38 37 -12 -3 -34 15 -5 -44 -27 -18 -23 3 29 -32 -40 32 -32 22 -15 
13 8 7 11 6 9 8 13 7 11 7 12 8 10 13 9 9 9 9 10 7 6 8 8 7 8 10 9 13 12 7 7 7 12 9 10 13 10 11 9 12 12 11 6 12 8 12 11 7 9 7 7 11 10 10 13 9 11 10 7 6 10 6 7 10 11 11 7 8 11 7 10 13 9 8 9 13 7 13 10 
-43 -5 -29 18 -15 37 -55 14 10 -32 -6 25 -25 39 3 -32 42 -37 21 -50 -48 30 15 -15 41 -41 -5 -55 25 18 41 23 -50 -24 29 9 -10 20 2 -12 27 -36 -49 1 2 -40 28 40 29 -25 -24 42 16 30 -22 6 18 -27 -26 18 -9 12 37 39 -32 37 35 19 15 -5 0 -19 9 -4 -35 18 -3 -46 -43 30 
7 7 12 9 8 11 11 12 7 6 7 10 11 13 6 6 6 12 7 9 7 6 9 12 7 9 7 9 11 6 10 11 9 8 8 11 6 10 12 12 7 13 6 9 7 10 13 6 9 13 10 13 6 12 6 10 8 7 6 8 8 7 6 13 13 11 12 11 7 9 7 9 11 10 8 10 7 9 7 12 

