100 100 200
12 -21 -55 14 -31 23 3 7 9 -50 -10 26 -28 6 36 40 -13 -28 -19 36 -51 -53 -2 37 27 -34 -39 -37 40 -8 -29 16 -17 14 -43 12 44 -20 39 -52 -44 -33 -22 18 9 -14 -44 -2 13 -8 -11 7 2 -18 4 -32 -14 -26 23 -39 -20 35 -13 33 -49 -15 -13 9 -7 -9 -50 35 -26 15 -5 -49 -54 38 -7 -26 -32 29 -1 1 -15 11 21 -24 -47 -11 -16 -29 -32 -18 -17 -37 27 -26 -14 -22 
9 13 8 6 8 7 8 7 8 11 7 10 6 12 11 7 11 7 6 8 8 7 10 9 13 13 12 13 10 12 12 11 10 12 12 9 13 13 7 7 13 7 13 7 11 7 12 11 10 12 8 8 12 11 6 10 13 8 13 8 13 6 7 10 9 9 7 8 12 9 10 12 10 10 11 10 13 10 10 7 12 11 13 8 8 10 10 13 9 6 11 6 9 13 11 12 7 11 8 11 
-39 -20 -4 -55 -6 -36 1 43 -52 -31 -47 -11 -46 34 -53 40 30 38 -12 -32 32 -41 -52 -7 -55 3 -37 25 41 43 26 34 43 -46 2 17 -33 -17 37 -17 24 35 2 3 36 -40 33 1 -44 -53 -21 17 0 -27 -9 7 31 20 -22 14 -13 -11 -39 26 43 -33 -4 -34 44 2 21 37 34 20 -43 -55 -45 -52 14 6 33 -54 34 0 -32 -53 30 27 30 33 -29 -38 2 -23 -23 14 -1 -34 34 21 
7 6 10 7 9 8 11 7 6 7 10 12 7 9 13 13 10 13 7 11 11 8 11 7 9 7 6 12 7 6 8 13 12 8 11 10 13 8 13 7 9 7 11 6 6 6 7 7 10 7 12 12 12 7 6 10 12 7 7 13 8 11 8 10 9 10 13 11 6 8 12 7 7 8 7 8 12 6 8 9 7 12 13 8 7 11 12 8 6 12 8 10 13 7 12 13 7 12 7 11 
15 8 13 37 30 -53 25 -42 -28 -53 44 -28 -30 -12 -31 -32 17 6 26 -52 -23 -50 38 -30 -24 37 -13 -33 31 9 -55 32 5 -42 19 15 15 -20 -22 -44 5 41 12 30 -5 -15 39 40 -31 -36 -30 21 39 3 -53 16 11 23 38 -4 29 -37 9 -36 -3 -55 32 5 -29 -45 2 15 -40 21 -28 -12 3 9 -46 27 31 10 32 22 19 -30 -28 -26 -27 -32 -35 -53 7 -32 41 -18 6 40 -30 9 
10 8 10 12 12 9 9 9 9 7 6 12 10 10 9 10 9 12 11 10 7 12 8 11 13 11 6 8 13 13 6 11 10 11 10 7 13 7 8 10 10 7 6 11 10 13 6 9 10 6 12 13 11 10 6 8 11 12 11 7 13 11 7 6 12 7 6 11 6 7 7 13 7 11 11 13 10 6 13 11 8 6 12 12 10 7 7 10 9 13 9 13 9 9 6 9 8 13 12 8 
-44 -14 20 4 -30 -34 15 -29 -21 -50 28 -5 43 24 -54 38 -21 -18 -21 1 38 21 -50 7 -7 26 -55 -42 -14 0 0 -13 7 -44 22 -31 23 -3 -12 41 18 -15 -42 20 17 -37 -45 -38 -23 -43 40 14 -24 -15 33 30 35 42 34 35 -10 -2 -41 -4 -15 -11 3 -20 4 37 -50 9 26 -52 -26 20 -47 37 42 -6 1 6 -28 12 -14 -26 -15 -42 19 -54 22 -40 28 -42 37 -31 -54 37 4 15 
10 9 10 9 8 8 8 13 13 10 13 11 13 8 9 8 9 7 6 10 12 9 7 13 6 8 6 12 11 13 9 13 12 8 13 6 6 9 6 7 9 7 6 8 12 7 12 13 7 7 6 7 10 11 10 12 12 7 9 10 6 6 13 8 9 11 13 13 13 6 7 13 11 10 13 9 6 13 11 7 13 7 7 10 12 6 10 11 12 8 6 8 8 11 9 12 10 10 9 6 
28 -20 -29 30 -17 -2 -26 -31 -7 -32 4 2 11 -11 0 -37 -29 -44 -30 0 -54 -6 41 29 -40 9 -13 20 -42 -13 41 -7 17 -29 -49 18 -26 -51 -50 -29 -43 20 38 10 -19 -19 -14 -41 39 1 -3 -19 -17 27 0 -40 -24 -25 -14 -30 -44 -18 31 35 -5 7 -21 38 -2 -39 -3 -47 7 -22 -1 -52 -21 -52 1 -7 -31 -38 -42 -46 -27 -55 25 -37 3 -5 0 6 9 -52 21 -12 -46 -53 6 34 
10 8 11 8 10 8 9 13 7 12 9 6 9 9 9 7 11 6 6 11 7 8 11 8 8 11 8 11 8 10 7 13 11 9 11 7 11 8 10 9 6 11 13 9 13 8 13 10 6 8 8 11 12 10 12 10 13 13 11 9 13 12 8 7 10 7 10 10 7 7 6 11 12 9 9 10 6 8 6 13 11 12 13 11 9 7 13 6 7 10 11 8 12 11 11 12 6 10 7 9 
-27 24 9 -34 -50 -29 -39 -39 -29 11 32 26 9 -15 31 -34 7 -34 9 -46 -40 -53 18 -31 -14 -10 7 -32 -24 -49 13 -37 -53 -48 -48 26 -43 -19 -25 -41 -46 29 1 35 38 41 -3 -1 -10 -47 -7 36 -43 -24 -41 -16 3 -33 -51 40 -3 14 24 -17 -32 -37 11 4 43 31 41 7 -22 3 -33 -9 37 -18 -30 -8 3 -53 -48 43 -25 37 -55 23 44 -3 -7 27 -15 -40 20 7 12 -19 42 -37 
7 10 9 6 12 7 11 8 11 6 10 6 9 8 13 9 6 7 8 12 8 8 8 10 7 12 13 9 9 7 9 13 6 8 8 7 6 11 8 7 10 11 11 8 9 12 11 11 12 7 6 7 12 7 10 8 10 13 11 13 7 7 10 7 13 6 8 6 6 7 11 6 11 10 8 10 8 10 10 7 6 12 9 13 9 11 7 9 11 11 7 6 8 13 7 6 12 11 8 11 
-55 40 18 34 6 17 13 3 -24 13 -29 -45 -33 19 24 -45 -3 27 36 40 9 19 9 -53 0 5 19 17 -34 -33 -8 22 34 -50 40 39 -5 -12 -1 26 -43 17 -16 -27 -43 7 12 -47 -40 -47 -32 4 -21 -51 31 -36 3 -10 -49 11 -55 12 37 32 -23 1 19 -8 -34 28 -33 -24 21 28 -7 -32 27 -37 21 -35 -44 27 1 35 -30 -31 31 22 14 -12 -21 22 13 13 36 41 28 -27 -28 -29 
13 7 10 13 9 6 7 10 7 12 11 9 7 11 8 6 13 8 11 6 12 11 7 7 9 7 7 8 6 10 12 11 8 7 11 8 12 10 11 12 13 11 13 9 9 7 13 8 12 12 8 12 13 12 6 9 8 11 10 13 12 12 8 6 6 8 7 12 13 9 7 8 7 7 12 12 12 8 11 13 10 13 12 7 9 11 9 8 8 7 6 8 6 6 10 7 6 12 13 8 
44 -18 37 27 -27 -3 14 -11 39 -47 -3 -8 -23 -20 -47 9 42 -12 -6 -40 -14 34 -55 -43 -7 -32 -4 19 -22 36 -55 -1 35 42 -36 25 23 -24 -11 -15 32 44 -30 28 -17 37 38 -3 -44 5 -21 -15 42 30 -26 -15 -50 36 37 -45 -6 23 24 16 22 18 38 -35 42 -29 21 35 27 23 4 -37 34 4 -6 -31 17 25 -47 12 -47 22 -52 15 -48 41 19 -33 -44 -36 6 1 35 8 28 -39 
10 10 11 8 11 12 10 10 13 6 13 6 6 12 6 9 6 6 11 12 12 7 8 7 9 12 7 11 13 6 10 12 8 9 8 7 12 13 7 7 9 12 10 7 9 6 11 11 6 10 9 7 8 6 13 13 11 8 10 9 8 6 12 7 11 11 10 8 13 11 6 8 11 9 13 11 7 6 10 10 13 13 8 8 9 13 8 10 7 7 7 7 11 8 12 12 10 9 9 11 
15 20 34 -5 -6 -22 10 -41 27 -48 -23 41 12 -33 27 -45 -14 -24 32 -50 24 -34 -17 -4 -8 -47 -9 21 4 34 -33 11 31 0 -27 -41 5 -2 22 -7 -52 6 -24 27 0 42 -49 -3 -34 41 26 -34 0 -8 -31 -37 -20 21 19 4 43 19 -2 -33 -20 -12 33 -2 -23 -8 25 -29 23 -5 -54 6 44 0 8 -39 18 6 -10 18 19 -5 -2 26 32 44 -45 -12 10 17 -26 26 -43 21 26 -8 
8 13 11 10 6 11 6 11 13 8 11 12 8 10 12 9 12 10 7 10 12 7 10 11 6 7 8 7 13 8 10 6 8 6 7 12 12 13 7 12 13 10 12 13 11 13 11 12 10 9 9 9 10 8 9 6 9 8 13 6 13 10 11 11 7 13 10 11 12 6 12 11 6 12 7 12 10 9 7 13 11 11 6 9 7 11 7 11 8 13 7 7 6 10 13 11 11 10 11 6 
-49 1 -12 38 25 25 13 -44 -42 13 -4 -39 24 13 -15 -24 -22 24 8 4 -2 -19 40 10 19 -35 -20 25 21 0 -30 16 -47 4 1 -53 -23 -50 -15 20 7 30 7 25 -19 42 -53 -47 25 -15 21 3 38 -15 -9 19 18 42 25 -20 17 -55 -48 0 11 -14 33 26 13 -40 41 -30 -46 -43 -19 0 7 -12 -13 -34 -33 -43 -7 -37 13 -38 -41 -5 35 -20 4 14 40 -52 -15 24 44 -50 36 6 
7 10 7 7 11 9 8 11 9 10 12 12 10 13 11 10 6 7 12 11 13 8 13 12 10 9 10 13 12 10 12 13 7 11 12 13 11 9 8 9 12 12 13 13 10 7 6 13 9 7 12 8 11 7 7 13 13 11 12 13 7 12 7 11 8 12 10 10 9 10 6 7 9 8 10 7 9 11 10 9 9 11 9 7 11 11 11 8 13 11 12 10 13 13 13 7 8 13 8 6 
-1 -33 -48 -10 -17 -11 35 -16 -1 -51 -32 -30 23 -31 26 -25 -22 -32 39 -25 -9 32 -10 -50 -39 -5 34 -17 8 -20 42 -46 -25 -31 -47 -18 19 -35 17 38 0 -21 6 1 -49 29 20 27 -36 -14 -23 29 24 24 28 12 -19 -30 -37 -18 -27 -36 22 -18 36 1 40 5 -54 38 -23 -19 25 20 -48 29 19 -36 35 21 -14 -4 -26 35 19 17 36 34 32 35 -16 38 -2 8 26 -52 -50 21 24 40 
9 10 12 9 13 9 11 7 8 8 12 10 11 13 8 9 13 13 8 9 11 12 9 12 11 13 8 9 11 11 6 6 8 8 13 12 8 11 12 10 11 7 8 13 8 9 12 6 12 10 9 11 9 7 9 11 12 13 9 12 7 9 13 8 9 6 9 8 10 8 13 6 11 9 8 9 13 10 9 13 10 13 9 10 9 8 13 6 13 13 11 13 8 7 10 8 12 7 7 11 
38 35 -52 -5 -22 -33 16 -44 35 -17 -14 3 -8 -3 3 24 -53 28 35 -53 13 -33 40 -20 -47 6 -13 39 44 33 23 -13 2 -14 -8 14 -10 25 -42 9 -45 6 30 18 -51 7 -52 -53 14 -1 -26 -3 19 -6 -25 -11 -11 -6 -37 10 8 -3 18 15 -24 -8 -44 14 43 43 -52 -3 24 -2 -12 -33 33 8 -21 -5 -33 -15 -44 37 -4 25 22 -39 21 23 -35 -40 -7 43 24 -20 2 28 7 -53 
12 10 8 12 7 7 12 6 11 11 10 8 9 11 7 11 10 9 7 9 8 10 13 11 6 12 10 6 13 13 10 7 8 8 7 13 10 9 9 6 7 11 11 12 8 7 12 9 11 8 12 9 11 13 13 8 11 6 13 12 9 11 9 11 8 9 11 7 6 7 7 9 8 8 11 13 11 9 13 13 13 6 9 8 10 8 11 12 11 10 10 9 12 12 6 8 13 7 12 13 
38 41 6 -9 -17 15 -17 21 0 -38 16 5 -3 3 -22 0 10 -29 -54 -21 4 38 -7 18 37 38 -22 -18 -52 35 -44 39 13 -28 43 34 -7 24 -8 -6 -24 14 20 43 -6 -19 44 -32 -12 -24 -1 6 -21 30 12 -39 38 -51 11 -2 -47 -32 29 37 12 -7 14 -25 -44 -41 35 -28 -12 -51 44 19 40 -49 3 34 3 -46 34 -8 -15 -37 9 20 -29 34 -52 11 -43 -15 15 21 40 -14 31 -4 
11 9 9 11 12 8 12 9 11 6 12 11 12 6 11 6 6 11 10 12 7 12 9 11 7 10 11 8 11 13 6 13 11 12 9 9 6 12 7 7 12 12 12 10 13 6 13 7 8 7 12 11 6 11 12 7 8 11 10 9 13 8 13 13 9 13 8 11 11 8 13 11 6 9 12 6 11 6 12 7 12 6 9 11 11 12 7 12 12 7 6 12 9 8 7 8 13 11 13 10 
26 -55 6 7 -53 -7 40 29 -39 -18 -48 38 29 -11 4 -34 3 -12 13 22 -36 2 -14 36 9 -32 -40 17 -26 -14 -40 -40 -19 2 4 -55 -3 38 -14 -26 -7 -28 43 -31 -31 19 -22 30 -17 15 7 -26 29 -46 23 -32 30 -55 -31 38 -50 -43 10 12 -48 22 29 -51 35 -21 36 -34 30 -21 35 -13 43 31 -37 -34 -31 42 21 -1 14 -47 -28 38 13 11 -53 -17 -55 -36 -37 35 29 -16 1 -47 
6 12 12 9 13 8 10 9 8 10 7 12 8 8 7 6 8 6 11 7 10 7 11 12 10 7 12 8 10 7 10 13 8 9 7 13 13 12 13 6 7 10 9 13 9 8 8 10 9 13 6 13 11 7 12 7 12 11 10 13 10 11 6 8 10 13 11 8 9 9 6 10 7 11 13 7 9 10 9 7 6 8 13 6 13 12 7 6 13 12 7 13 12 6 13 9 12 9 8 9 
-26 34 11 32 1 -23 15 -16 11 -33 28 5 -2 -50 36 4 31 32 -26 -13 -38 -10 1 33 -3 -1 11 -22 5 -36 -24 -17 12 21 43 -41 -35 -2 -48 14 -39 -33 -13 -48 8 5 -8 38 -25 -38 -12 21 -41 -29 -38 -21 -35 16 37 9 -1 11 38 9 20 -55 -43 -55 -4 21 24 -12 22 34 6 30 17 -21 -11 6 8 -51 -9 33 -47 2 -25 -32 9 19 -9 -18 26 -37 -44 37 36 -23 -32 6 
13 11 8 8 7 9 6 9 11 11 8 9 7 6 9 10 11 11 11 11 13 7 6 9 13 7 8 12 11 7 13 12 8 13 9 11 11 10 12 13 13 9 6 13 7 11 11 9 10 10 8 9 6 12 7 12 8 10 7 13 6 10 8 12 13 9 13 7 13 13 10 10 10 11 8 12 7 12 7 12 6 6 12 12 11 8 11 13 10 13 7 11 6 12 7 11 12 7 11 10 
-47 27 7 -49 23 24 42 32 -17 14 28 -15 40 11 -22 -46 2 -38 -21 -2 -20 3 38 -12 38 11 -4 -15 39 -18 19 -43 42 -4 40 -38 37 37 -18 -25 -42 41 -45 34 -27 -46 31 -11 -15 27 14 -35 38 37 7 -41 -28 -48 39 -50 -42 -44 -42 38 9 -52 40 7 26 -9 -46 -7 13 -31 -44 -1 -20 -28 -22 -15 7 -28 22 -38 -15 -13 -55 -55 3 21 -1 -20 -25 -24 40 -18 -32 -33 -28 -26 
9 9 8 6 11 11 7 7 6 9 6 9 13 12 10 13 13 6 12 6 8 8 6 9 11 10 6 12 10 9 9 6 11 6 10 8 8 12 11 11 9 10 10 9 9 10 8 8 8 8 7 13 9 7 10 13 12 9 9 10 7 6 12 11 9 7 8 13 7 11 8 9 10 9 6 6 9 7 10 9 11 10 10 9 7 7 11 8 8 10 6 7 11 13 7 9 11 11 10 12 
-10 -15 -22 30 -55 13 39 -22 30 -7 26 -23 1 -45 17 27 -54 -49 -20 5 16 -28 -18 -12 13 -22 40 16 -52 -13 -44 24 -21 -43 38 -25 6 -21 3 -29 -49 36 -12 33 -28 -36 29 -31 38 -20 -31 39 27 12 -28 -50 -9 31 34 -15 -18 -5 4 23 1 22 -52 -13 -55 -44 -30 -12 40 -39 -40 -51 -49 13 -14 -20 43 -30 -42 -32 -43 -37 2 41 -16 31 39 -9 -12 -33 -44 25 0 3 -8 15 
12 7 13 11 12 6 6 8 7 7 12 11 11 6 7 13 9 8 7 9 9 6 13 7 11 12 10 6 9 11 10 11 11 11 9 13 11 13 9 11 10 8 10 8 10 10 12 13 7 10 9 8 8 11 6 12 9 12 11 9 6 6 9 13 9 13 12 11 12 11 9 11 6 9 9 10 7 7 6 12 6 6 6 7 6 12 6 10 12 7 9 6 12 6 9 11 12 13 13 6 
-4 -18 -41 8 -4 -36 35 -38 28 -37 29 -3 31 14 -7 -18 42 -31 13 -28 -7 38 27 16 14 38 22 -41 -51 29 -12 40 -44 38 37 43 35 44 35 38 19 -6 19 -41 18 14 -37 10 -22 -17 -44 -3 8 -47 -6 33 -10 -24 -35 -49 16 13 -34 3 2 -8 27 -17 -33 -32 -49 -49 34 1 -10 -4 -32 -37 -5 42 -19 36 -49 -45 -42 -4 25 -11 -12 -14 -10 23 -6 -50 -41 30 -28 -31 -51 1 
11 9 9 12 12 10 8 9 9 7 12 8 13 8 10 7 6 12 6 8 7 6 10 11 7 6 12 11 10 13 11 13 7 9 11 6 10 10 6 13 11 12 6 9 6 6 8 12 12 10 11 8 10 7 10 9 9 11 6 11 6 12 8 13 11 9 13 7 13 12 10 8 7 11 10 11 7 7 6 10 7 13 12 11 7 11 12 10 9 13 7 8 13 9 8 11 6 8 7 6 
-40 -47 -45 -15 44 42 -48 -1 -51 -18 30 44 37 -42 -43 27 28 -4 -26 -18 -22 -55 9 28 2 13 -45 13 -47 -14 -23 -18 29 44 -54 14 28 1 37 -15 32 -43 -45 -35 -20 8 -40 42 22 19 -21 -2 -22 23 31 -31 -21 20 -6 -43 29 -31 37 -51 -33 0 -42 7 18 29 5 -33 -2 42 -33 -5 -18 -38 -49 -24 42 -50 -19 2 44 35 43 30 -8 29 37 -30 41 0 -27 -17 -13 -27 40 -13 
11 8 13 11 7 7 8 7 10 12 7 13 12 7 10 9 13 10 11 13 8 11 13 6 6 11 7 8 8 8 9 12 9 8 6 6 11 6 11 11 9 10 7 11 6 12 11 11 12 10 12 7 6 11 7 6 10 10 12 6 9 6 6 10 10 9 10 9 6 8 6 9 12 11 12 11 8 6 6 9 8 7 12 13 8 9 13 12 6 8 10 11 8 13 9 8 12 12 8 13 
-29 40 -49 -41 -5 31 24 21 -33 24 -54 -43 21 9 2 15 -17 -43 -11 6 25 -55 -12 1 6 -8 -16 -47 35 -3 24 -37 -36 -48 29 -8 22 20 -42 -46 16 -13 -16 -19 -34 -54 -21 -26 3 -19 14 42 -51 43 -53 -50 -17 -23 10 -39 26 24 -32 -28 16 -42 27 -15 -39 33 -36 34 -42 4 -4 16 28 9 -17 -43 29 4 -54 19 -22 4 -41 -6 40 -33 -14 -39 22 -3 10 36 -17 -45 12 0 
9 6 12 13 7 6 10 8 6 7 6 10 12 6 7 7 7 7 8 13 12 10 12 10 10 12 11 6 6 12 6 10 9 11 8 9 7 7 13 13 9 10 7 6 13 6 6 7 11 12 8 9 12 6 11 12 7 9 6 11 12 7 6 7 12 11 8 7 8 6 9 7 9 10 6 6 8 6 10 12 8 9 10 12 9 10 7 6 6 7 12 8 8 12 6 6 12 7 12 8 
-39 33 -30 -54 -45 -5 27 -34 38 -17 -1 38 40 25 -17 12 -35 -10 28 10 41 -22 35 -23 34 -16 28 -38 -26 -2 24 -42 -55 -3 -10 6 -4 -37 8 -42 -48 -1 21 -38 -44 -26 9 11 -24 -13 43 -33 0 32 2 3 9 7 -45 -9 10 25 10 -9 -15 42 -13 9 39 29 15 -40 -55 -49 -49 -53 41 -22 -44 12 -40 -10 20 -1 -7 -36 24 33 -34 37 42 42 -46 -3 16 3 -33 4 42 44 
9 6 6 10 6 6 9 7 11 11 13 13 6 10 7 7 13 10 13 9 8 7 9 8 10 13 12 10 6 8 7 7 8 11 6 8 9 7 6 7 7 7 9 7 13 11 7 13 6 9 7 8 8 10 6 13 6 12 8 6 6 11 13 12 13 6 13 10 8 8 7 12 12 11 13 8 8 12 13 11 9 11 12 7 6 9 12 12 6 7 8 13 7 12 12 12 8 7 10 9 
-8 -15 30 9 -32 -18 -2 13 -25 0 11 3 -43 1 -37 -54 -13 21 -49 -53 29 -32 15 -43 -5 20 -44 -5 40 33 -35 -54 28 43 37 -7 29 -10 32 7 -12 3 4 16 -39 17 -23 -14 28 33 -40 21 -39 43 -16 28 -50 42 -9 14 20 -38 32 -35 -25 -13 -20 34 18 25 18 22 31 26 30 -33 -10 24 30 -42 -20 -20 28 31 41 -7 30 -3 -34 5 27 -19 33 -36 -19 37 10 23 43 41 
8 9 6 9 7 8 11 12 10 9 10 7 8 6 12 13 6 8 13 6 12 13 9 7 9 6 9 13 12 6 6 6 13 12 13 9 12 13 12 6 8 11 12 8 10 11 7 10 10 6 12 8 10 6 8 8 11 12 7 9 13 7 12 11 11 7 13 7 13 10 11 8 7 7 8 9 11 10 10 9 11 8 7 13 9 11 9 13 10 8 12 10 8 6 13 13 8 10 6 12 
-49 -28 -42 -32 16 -28 18 6 18 -21 -53 32 -38 8 -2 -29 40 40 -42 -49 15 4 -50 41 -22 -32 -3 24 -36 -29 38 30 10 16 -11 -48 16 32 44 -36 41 -40 -3 37 -2 2 35 4 2 31 -46 10 31 -36 4 -42 -20 -27 -54 13 14 1 -24 23 19 40 -12 19 -39 -31 -44 30 -33 16 2 40 19 -17 28 3 40 -33 28 -24 -52 -23 -55 35 25 -47 -50 -53 3 -37 2 6 -35 -27 1 -42 
10 10 12 9 6 12 8 9 12 13 10 6 8 8 12 7 13 9 9 6 13 9 6 12 6 10 6 13 9 12 9 6 12 7 13 12 10 9 8 6 9 10 12 6 13 6 12 12 11 10 6 12 8 11 10 9 11 12 10 9 9 7 9 11 8 6 9 7 13 9 8 13 10 10 11 8 10 8 6 12 7 9 10 6 6 12 8 11 9 6 6 12 6 10 7 8 6 6 7 10 
-29 27 -53 20 -39 10 -3 4 0 -38 -11 -1 -12 -31 44 -33 -34 -22 -42 -38 38 18 5 20 19 30 -54 -33 -47 40 -29 -35 36 33 -26 17 22 38 -47 -1 -33 21 -18 -39 -52 35 -43 34 -2 24 44 -33 -53 -53 14 -1 -26 -21 -17 19 -29 8 -21 17 -7 -2 -52 -48 -37 -22 -18 40 24 6 -11 4 6 -48 21 17 -10 37 17 -27 41 -44 -20 -20 -26 -39 -23 1 3 -6 -35 41 -31 -35 -29 -49 
13 11 12 9 10 8 6 6 11 7 12 10 13 10 7 9 8 10 11 13 12 8 6 13 10 11 11 11 9 12 9 10 10 6 9 7 13 11 8 7 13 10 9 10 10 13 8 6 6 10 10 7 11 8 8 6 10 13 6 8 6 13 7 8 11 6 11 7 9 10 12 11 6 12 13 6 10 6 12 8 12 11 9 7 6 8 7 7 12 9 12 13 11 9 12 8 8 9 10 10 
13 -32 -8 41 11 -25 10 -3 -55 -38 18 31 13 42 24 -31 -27 5 3 -30 12 -43 -21 -3 14 7 15 -44 -20 35 -44 9 -5 5 -10 12 -1 32 -38 10 -13 33 18 -40 24 -18 33 14 31 -25 -46 -15 -34 -36 26 -29 -35 -44 -1 38 29 2 44 -19 -26 -5 2 -50 10 -21 -6 39 37 15 -36 -38 -42 -2 -38 22 5 -50 -2 36 7 21 -1 17 -21 -39 -5 38 -10 -3 -8 -34 6 -11 4 11 
11 13 12 9 10 8 8 6 13 10 13 8 6 10 12 11 10 9 12 13 13 13 11 12 13 12 10 11 12 13 12 9 10 12 9 11 10 12 6 11 11 10 7 8 11 7 7 8 7 6 7 11 6 7 13 11 6 11 7 9 6 9 9 9 7 8 12 8 13 6 7 13 10 9 9 6 12 12 8 13 6 12 12 11 13 11 8 10 12 13 10 9 10 9 8 12 9 11 13 11 
42 -10 -1 3 3 39 36 -14 -18 -55 -23 20 -19 -17 3 25 30 -42 29 -2 -28 30 -29 15 -19 26 15 -6 -7 22 44 -20 18 -18 -4 -24 -38 -22 16 21 -26 -24 -11 -13 12 -55 -27 -39 -21 44 2 -15 26 -32 -14 -24 -6 -16 44 20 44 8 -10 -29 -54 -31 28 34 -20 -31 40 -10 15 28 -38 37 -3 -31 18 -15 0 13 15 -12 -25 1 10 -41 25 3 3 -31 -47 -44 12 -38 -27 35 44 25 
12 12 10 6 6 9 10 8 13 8 10 10 8 10 12 6 10 12 7 10 9 12 9 10 9 6 12 7 8 8 12 7 11 10 8 12 9 11 6 9 6 8 12 11 11 13 13 12 12 9 8 6 10 13 7 6 10 6 6 7 13 11 11 9 10 8 6 8 9 13 8 10 9 9 9 12 13 11 12 12 10 10 6 12 12 11 7 13 9 11 7 11 6 13 13 8 8 6 12 11 
37 -25 -37 -7 1 35 27 -12 -16 -54 38 -28 14 38 -22 -24 37 -20 -29 -13 25 -39 6 -38 -48 -35 -10 11 -34 27 27 -49 36 15 -40 40 -12 8 16 37 -20 -38 -43 26 12 -34 -3 -33 -27 -25 -26 -31 44 -2 -4 39 -14 9 28 -35 -11 33 22 -42 -53 3 -53 -2 -6 3 20 35 -17 -32 40 -54 -50 3 -32 32 -14 -29 -25 -46 -35 -20 -12 -24 19 -53 -55 16 20 -46 -25 39 -33 -19 35 -40 
10 8 12 11 10 13 6 7 9 12 9 13 13 9 6 11 10 10 12 6 13 9 11 10 13 12 13 12 6 12 6 10 7 11 6 13 7 9 12 13 12 8 13 6 12 7 13 11 7 12 6 8 12 6 7 12 12 9 6 6 12 11 9 6 7 7 9 8 11 8 9 13 10 8 6 11 12 9 7 6 11 12 6 6 7 8 7 11 11 6 8 6 8 11 10 10 8 13 8 11 
-3 -20 16 -11 -25 27 6 40 -4 11 28 -45 3 17 40 -49 -41 -3 29 -50 -43 -34 -14 20 35 -30 -44 12 27 28 32 38 -5 24 13 19 29 -26 -20 5 -50 -44 37 -31 -5 -39 5 -54 4 -46 -32 12 -55 -30 1 -15 -7 0 -48 -6 36 5 27 -19 -36 15 24 -30 -36 -46 -54 -24 -31 -48 -30 -54 28 14 33 9 8 -31 -21 15 -4 42 -31 -44 12 10 -15 24 0 -27 6 -23 -28 5 -16 11 
11 6 6 10 6 11 11 11 13 7 8 9 8 8 10 12 8 7 6 6 8 10 6 10 11 7 11 11 9 10 11 6 6 9 6 10 12 6 12 6 7 12 9 13 9 13 11 6 8 11 11 6 13 6 10 10 7 6 7 7 7 10 6 13 12 8 10 12 10 13 6 13 7 7 9 12 6 9 8 13 8 7 9 13 7 11 13 9 12 7 12 13 12 12 8 6 7 10 11 8 
1 12 5 43 -12 -21 -14 -36 -3 7 -44 -44 38 -50 26 -4 5 43 16 -13 39 29 -20 -55 0 0 -32 -5 33 -16 -45 -38 -23 -7 -45 40 -36 -7 34 16 -4 40 -32 -18 -6 -55 -48 -21 29 22 -43 -14 -51 41 7 -18 -4 -4 -23 10 -17 -10 -27 39 -29 23 -10 -27 -50 -6 2 -43 -54 44 -28 37 -2 40 -13 12 -6 21 0 -13 -7 -52 -40 -8 18 10 -6 -18 14 -24 15 -2 13 -3 23 1 
11 13 8 7 9 12 9 6 7 12 12 12 10 6 6 9 9 13 13 12 9 9 11 13 10 11 11 9 10 10 10 9 9 13 9 12 13 10 8 7 7 7 12 10 13 7 12 13 9 7 8 10 10 9 11 13 9 8 11 9 7 6 6 12 13 11 8 6 12 7 10 6 7 9 13 6 13 8 7 8 11 11 13 9 9 12 10 13 12 10 7 11 13 7 12 10 7 7 13 12 
-27 -27 -33 13 30 19 29 -4 29 -18 -40 34 26 19 4 -5 -9 5 -28 -22 -34 6 -37 -9 -5 8 6 -9 3 39 16 -10 -53 -9 -35 -1 -2 5 31 -36 -20 -39 -42 -20 37 -37 10 15 -19 -30 -9 -11 -43 27 -40 -50 -29 -54 18 -49 25 38 35 36 -41 -32 2 -55 -6 -33 30 7 -53 13 19 -3 -7 -20 -17 7 -18 17 37 -55 -12 -36 26 15 36 -10 29 -41 30 24 44 27 31 -36 -5 38 
7 10 6 6 9 7 6 7 9 12 12 8 7 12 11 12 9 6 13 11 7 11 9 12 13 7 13 8 6 12 12 8 7 11 9 9 11 12 13 7 13 9 6 8 10 13 8 11 8 10 8 9 10 12 7 10 6 8 11 11 8 10 12 7 8 13 6 11 9 11 10 6 12 7 10 9 13 9 13 12 11 11 7 9 6 10 13 12 12 7 8 11 13 6 8 11 8 6 10 11 
-24 -51 28 36 -33 -45 32 9 13 39 24 -32 -46 2 -14 30 22 -32 17 -27 -20 -6 -38 -46 -12 12 10 35 36 14 -17 -51 21 -43 36 38 -46 -35 42 7 -27 -55 4 -13 -15 34 39 -13 -35 31 -9 9 31 16 -12 11 19 -10 33 -6 -28 -1 -51 26 -9 2 30 -41 -5 -23 18 -12 -43 -23 28 -16 13 34 28 -46 32 40 -10 -43 -16 -20 -7 24 -48 -25 -1 -54 -15 -12 -37 -43 22 -32 17 28 
11 12 6 7 12 13 12 10 10 10 11 9 9 10 8 13 12 11 13 6 6 11 9 8 10 9 11 12 7 8 7 9 12 12 8 10 10 7 6 9 9 6 9 12 11 8 7 8 9 7 11 11 10 10 7 7 11 9 11 11 12 11 6 12 7 13 11 12 6 12 8 9 13 13 12 10 6 10 7 6 12 8 7 13 10 7 8 10 12 10 11 10 6 7 10 6 12 8 10 7 
-7 -45 41 -14 36 11 34 -35 0 -7 -4 26 16 -30 -27 18 -1 -46 -25 -17 36 -16 -2 -7 12 -1 22 35 42 1 18 34 7 -19 -26 33 -16 30 -14 12 -35 5 -8 26 27 -49 34 29 -52 5 7 -23 37 -12 8 -32 -44 -15 37 -12 15 -36 -6 -43 21 -10 31 1 -52 9 43 -47 23 -17 -32 -50 -44 38 -38 -12 -28 -41 35 -39 -54 -16 -11 -19 -43 19 -22 -15 -54 28 -20 -27 -22 -18 -21 22 
13 8 13 9 10 6 8 6 12 8 9 8 13 8 7 7 8 8 9 9 9 8 9 9 13 8 6 6 7 6 12 6 13 10 7 11 10 8 8 12 6 6 7 7 11 7 9 6 9 7 12 7 12 8 9 8 12 12 9 11 6 12 12 6 9 8 13 7 11 8 10 6 13 11 10 11 12 13 8 9 10 6 7 11 13 9 6 7 13 10 7 8 12 12 11 8 9 10 8 13 
-52 -49 36 38 41 28 -5 2 -20 -43 12 14 10 -52 18 36 -39 -6 -40 -37 -12 33 42 -44 36 19 8 -30 -48 15 -34 -28 3 -19 20 -34 21 44 -36 -14 -44 -43 -46 -20 8 -25 -41 -19 28 -23 33 -16 -50 15 -15 13 36 -27 30 -18 -35 -31 42 -1 -52 39 7 10 -1 -55 -53 -41 -26 39 -29 8 -27 -7 24 -4 44 -52 -13 25 -39 35 43 3 -25 -2 -4 7 -11 -6 30 0 17 34 3 -3 
7 6 10 12 9 10 12 6 7 8 11 10 9 13 12 9 8 13 8 6 10 11 10 11 11 8 8 13 8 6 9 8 13 7 7 6 10 10 12 12 9 7 9 6 11 10 13 12 12 13 11 12 12 9 7 11 7 13 10 6 7 11 12 6 9 6 10 11 6 9 8 8 10 12 8 7 10 8 12 6 9 6 8 11 12 10 12 12 8 6 8 10 8 12 8 7 11 11 11 13 
-53 10 26 -12 -45 -47 34 3 29 -34 -49 31 32 16 35 17 -37 18 -2 26 7 41 -42 -4 -40 -51 30 -22 9 -51 -18 -2 29 -22 17 -34 -11 15 2 33 -26 42 -15 -32 -54 -12 21 -24 -55 -7 -42 -2 -44 38 -23 -4 -41 44 -39 -43 -21 -6 -3 -43 -14 -46 -5 25 14 -20 7 10 -44 -38 -44 8 -34 -49 -10 -12 -5 38 9 -13 -11 -22 -19 -53 -30 4 -2 -48 -49 -12 -26 -4 15 40 -27 -14 
9 10 9 6 8 8 6 8 13 12 7 9 12 12 9 6 11 7 6 10 12 10 10 11 7 10 11 8 7 10 7 10 11 7 11 8 8 10 9 7 13 6 9 9 8 11 11 6 7 11 11 9 10 11 7 13 7 12 13 7 13 10 8 13 13 12 13 7 13 13 9 13 8 10 13 10 11 6 13 7 8 11 13 11 8 9 13 10 13 11 6 11 6 8 13 6 7 8 8 13 
23 -12 6 -34 -37 43 28 -22 40 -46 17 13 -52 9 -10 -6 -5 -9 -13 -11 0 4 13 30 -54 13 -8 -49 32 -20 -46 9 -22 -4 -15 -30 -31 -9 -55 -17 -24 -34 -38 -31 29 -40 -11 -3 -36 15 12 -36 19 32 -25 -10 -39 -11 44 7 30 -40 -34 -53 -14 -51 18 -22 -3 -44 -26 -31 4 28 10 -10 -5 -29 36 42 -42 16 31 7 35 29 -49 -37 -33 -36 11 -37 36 4 11 -52 24 43 12 -10 
13 12 10 7 12 11 7 9 13 7 9 10 6 10 12 6 10 13 12 13 10 7 11 6 7 9 9 13 12 7 13 10 9 9 11 10 10 11 7 9 10 10 9 7 10 8 10 11 7 10 13 6 11 8 9 10 10 12 6 10 7 7 6 11 8 8 7 12 8 6 6 10 11 9 6 7 7 11 9 12 10 13 6 12 6 7 11 11 12 8 13 6 8 7 6 13 9 9 6 7 
3 -49 -44 -41 -8 38 -26 32 25 30 9 -21 21 -40 -37 29 -8 -7 -8 0 -23 26 -18 -28 41 4 -31 44 -2 -54 -14 -51 -26 -40 10 -5 -23 28 -36 41 -16 23 -17 -14 -52 -49 -35 15 -6 -50 -31 23 32 29 -26 -16 43 18 -17 -40 -53 -14 30 8 -44 11 -28 28 -25 10 27 27 -24 -20 35 -43 1 -53 -7 -42 -29 42 9 -40 38 -48 -18 -37 -17 -31 15 28 -10 -27 4 28 -34 -18 5 -6 
9 9 7 13 7 8 6 7 8 10 8 13 11 10 6 11 6 12 11 13 13 9 9 11 8 13 10 13 11 8 11 11 7 10 11 9 9 11 13 9 9 10 9 9 6 11 10 6 9 6 12 9 7 6 12 9 11 7 13 9 11 12 8 12 9 8 11 6 13 11 13 13 8 7 9 8 12 12 9 6 11 8 6 11 6 11 13 6 8 11 11 6 9 11 12 6 6 9 8 6 
-24 15 -1 -20 -52 -10 -46 -41 -23 -38 -25 -37 -23 -42 35 6 -23 -20 -38 -10 -34 -37 -50 -22 -34 -9 15 33 39 -47 -28 -20 22 20 -50 -5 -13 -1 -37 35 -31 24 10 -1 16 -33 -11 12 -46 -45 17 -3 19 22 42 15 -14 12 -14 -38 13 10 -34 0 -28 -41 28 -18 -23 -6 7 27 -20 37 -20 -25 -21 -35 -27 33 -31 -21 -22 -52 -30 -33 27 5 10 -25 9 -32 -33 31 -47 -17 -24 10 -29 7 
9 8 9 9 11 9 10 6 7 8 9 9 13 9 6 12 8 11 12 12 10 10 8 12 6 12 9 13 6 11 8 13 6 10 10 6 9 12 11 9 10 9 6 10 13 10 10 6 8 7 7 10 12 7 10 13 8 8 13 9 8 8 10 6 9 11 9 8 9 13 8 10 13 10 11 10 11 12 12 7 9 6 12 8 13 7 11 7 6 8 13 7 11 9 6 9 11 9 7 13 
-45 16 23 38 35 -2 -21 11 -8 -42 -33 -10 19 33 -33 22 -36 28 11 -50 39 -9 -31 -14 34 43 42 11 5 36 18 10 -50 -49 -17 41 -37 7 -11 -29 -40 38 -32 14 -31 -37 14 17 15 6 -40 -30 -26 39 -18 40 -25 -6 -55 -54 39 6 -52 37 4 -7 -49 -42 14 -16 0 6 -4 -45 22 21 -16 -33 -53 -31 41 -6 -32 -43 -32 -41 16 -47 -35 26 1 43 -6 -10 42 11 -12 -7 37 -24 
10 13 12 8 11 13 11 12 11 9 11 6 7 10 13 13 7 7 11 13 9 8 12 9 13 12 7 7 9 10 13 12 6 13 12 7 10 12 9 10 7 9 6 6 11 7 12 6 10 10 10 7 10 10 7 6 13 8 13 10 12 12 7 12 9 6 12 13 6 11 12 7 12 10 10 6 7 8 11 8 8 9 6 10 11 8 12 13 11 9 10 10 10 13 13 10 13 13 13 9 
-35 -50 -28 -18 -45 28 -52 -18 28 -14 -20 -34 22 23 25 -21 -44 -26 -2 -25 -47 -25 -7 -23 -14 15 -39 8 -37 -40 29 -46 19 -14 30 -47 5 -7 30 23 -54 16 -50 -54 41 17 -46 -24 32 15 -30 29 -53 -28 -9 33 -3 42 34 40 43 -4 -37 18 2 -36 18 -40 13 28 -45 4 -30 41 -16 28 -37 4 -37 6 12 -52 11 -17 -29 38 27 21 5 -17 2 25 -1 23 6 13 -34 18 43 2 
8 9 7 11 11 6 10 13 11 11 10 8 11 10 8 13 6 8 8 11 8 13 7 13 11 11 6 7 13 10 7 13 8 12 8 13 9 13 6 13 6 13 12 8 10 9 12 13 10 6 13 8 13 8 6 6 7 10 10 11 7 6 12 6 10 8 12 7 7 6 11 7 13 11 11 9 9 12 11 8 13 10 10 10 13 10 9 11 11 9 6 12 6 11 6 6 6 6 11 10 
3 33 -11 -51 -25 -28 -6 -36 13 19 -54 6 0 11 -28 -42 7 25 -37 -27 34 -42 -14 -32 41 -24 -15 -24 -20 -23 27 27 -5 -11 -3 2 -54 13 -22 18 39 -36 -29 28 -22 27 -43 -19 -30 -3 -43 -31 -10 41 -53 18 3 -50 22 3 -44 26 -5 15 25 -2 -28 4 -39 42 -37 -37 22 26 10 -3 -42 16 21 31 19 -13 -14 -46 42 7 -7 -13 -7 37 -19 -35 -38 -26 -31 26 -17 -49 6 -5 
9 8 13 7 11 10 12 7 10 12 13 11 13 13 9 6 12 10 13 11 6 7 6 7 12 8 7 7 13 8 9 12 12 9 11 12 8 13 10 11 10 6 10 10 12 9 13 6 8 8 12 12 6 7 12 12 10 7 11 11 13 10 11 6 11 6 13 11 6 6 10 10 9 12 6 13 7 12 6 12 12 13 11 12 12 9 8 8 11 8 9 8 13 7 12 9 7 7 12 13 
8 -38 -38 44 -4 -12 -17 27 -1 32 -43 -43 -33 -18 19 36 -47 -37 -4 22 -32 -3 -44 -25 34 -54 -40 32 -27 -26 -34 32 8 -28 33 22 -41 -9 20 27 -24 -16 -36 14 -8 7 -49 5 -3 -50 6 -35 25 -14 -5 -16 -17 -31 -4 -50 -15 34 -30 27 -51 -2 25 -25 -44 -49 3 32 -4 -28 -25 -33 -8 -48 41 -41 -50 -6 -49 -45 -40 -20 33 30 -21 -42 -32 21 8 22 -29 -33 -48 -26 11 -28 
7 10 6 13 8 11 11 6 6 10 7 9 13 8 13 9 10 13 10 13 8 8 12 10 13 7 13 12 12 7 8 9 12 6 11 6 10 7 13 6 10 7 10 8 12 6 13 9 13 7 13 11 10 11 11 12 12 10 11 9 9 12 9 12 7 8 6 11 7 11 11 12 7 11 13 6 8 12 10 9 9 11 10 9 12 9 10 7 8 10 13 9 6 6 12 10 8 8 8 13 
-42 -24 31 5 11 -6 -33 5 28 18 11 -49 -9 19 -47 -9 15 -35 11 14 23 -28 -17 29 4 12 23 -25 -34 36 35 38 -11 -46 -48 -15 -32 -33 -8 -5 -30 7 27 14 -15 -54 0 -50 -29 32 8 24 11 23 -10 -46 31 -49 -35 -12 -49 -13 6 28 -17 -38 40 -46 44 42 40 -13 -3 12 -15 -52 0 0 -3 1 -10 7 42 -5 34 10 -50 -28 -8 -28 -52 21 10 20 -9 26 -52 -40 8 5 
10 11 7 11 10 6 13 10 10 12 10 13 8 13 7 8 7 6 12 6 7 6 6 6 9 8 8 6 13 11 13 6 7 7 12 8 8 9 13 6 9 8 12 13 13 9 12 9 7 8 13 10 10 8 8 13 8 13 10 13 13 8 8 11 12 10 11 11 10 12 12 10 10 7 9 13 9 8 8 12 11 6 11 7 6 7 12 7 13 7 11 8 7 11 7 13 10 13 10 13 
-8 -32 26 8 -11 -6 -29 -15 7 36 -26 43 43 23 -28 -30 5 14 25 -32 -8 -53 10 27 -32 0 32 -48 -46 -25 36 -44 -11 -11 20 34 -50 1 -31 -38 1 -7 5 25 -5 33 11 12 23 18 -12 -7 -23 21 8 43 -20 -39 2 25 11 6 36 -22 -26 30 -5 36 38 33 33 31 2 4 -28 -45 -29 35 -14 9 11 19 37 -7 -43 37 -39 3 -28 4 -13 -16 8 -7 41 -5 41 41 23 -47 
12 11 13 9 7 7 11 12 12 6 7 12 8 10 12 10 7 11 9 9 7 12 13 12 7 8 11 11 10 10 6 10 8 11 7 11 6 12 12 6 13 7 11 13 9 9 8 13 11 11 11 10 9 9 6 9 12 10 13 12 10 10 6 10 6 12 11 13 13 12 6 8 9 12 12 9 11 13 13 11 13 8 12 7 6 13 10 12 9 13 7 12 8 11 11 9 13 8 10 8 
-35 -30 26 -37 33 -4 -3 2 10 20 -25 -4 -53 -5 33 -8 17 35 -36 -38 38 5 1 37 38 44 -23 -6 18 -12 -22 -11 1 31 -30 9 -55 -23 -33 -10 -2 -46 40 -8 -47 -36 -21 -19 -32 -11 27 35 20 -9 -16 -7 10 7 13 -36 14 27 -42 32 -15 11 -22 35 -34 -19 22 40 -49 8 -6 -35 1 -22 11 0 2 -34 6 -54 5 -39 8 -17 23 42 -21 33 44 15 44 -40 11 10 -23 19 
12 7 6 6 7 12 11 13 8 8 7 7 8 10 6 10 8 11 6 9 10 8 8 6 9 7 6 12 6 13 6 10 12 7 6 13 6 8 8 12 8 10 8 10 12 8 11 7 6 12 11 8 9 13 9 9 11 11 10 8 6 6 12 12 9 11 10 6 7 8 7 6 6 11 8 9 11 13 13 9 12 13 9 6 13 11 7 12 7 9 8 13 6 9 10 8 10 11 11 9 
28 -40 22 39 25 0 13 -21 28 -44 -39 -52 -7 -55 -14 5 18 -32 34 -23 -32 32 23 -16 -52 -18 35 8 22 -54 -52 -42 -25 -41 44 43 -52 43 -38 35 13 19 37 -7 -49 29 -7 -29 12 -20 -48 22 16 -50 -25 -35 -10 3 4 43 -13 -47 22 11 -22 -50 23 35 -44 -15 -38 -53 14 -12 -7 -29 5 2 8 -9 35 13 -29 31 -45 -6 -16 -42 7 3 -35 -18 -40 20 17 21 35 -26 0 -45 
11 6 9 9 6 6 6 7 12 7 13 11 9 11 9 8 12 12 10 9 11 11 7 13 6 8 13 7 10 11 8 11 8 11 9 13 13 13 9 12 10 7 6 8 6 13 11 8 11 11 13 7 6 12 11 7 11 11 13 6 9 9 8 9 10 6 8 6 6 11 8 6 8 7 7 11 9 8 11 6 11 12 10 13 9 9 6 11 13 10 9 8 9 11 10 10 11 7 6 12 
42 42 -50 -43 1 1 -25 -24 -21 -54 16 -17 1 10 -19 14 -31 31 17 -53 -3 16 25 -30 25 -47 44 -18 12 -27 -43 -24 29 38 3 -15 32 33 22 4 4 -25 -25 21 -15 -17 36 5 21 5 39 -27 -18 -2 30 -16 -28 -27 41 -51 13 41 20 -42 28 36 -7 -9 -22 4 -28 18 -54 -48 40 -3 -20 5 -3 16 40 -35 18 33 12 20 8 -43 19 -6 -25 -27 40 28 -22 -28 -10 -55 30 35 
10 12 9 7 6 11 11 10 10 10 9 9 7 6 8 7 10 11 8 13 12 12 8 8 9 13 7 12 12 6 8 8 8 11 12 10 9 10 7 13 12 13 12 8 13 8 10 9 8 13 11 10 10 6 10 10 8 11 13 7 8 13 12 10 7 10 9 12 10 10 8 8 9 8 9 8 9 6 11 13 10 10 11 9 8 13 13 7 13 7 10 6 7 11 12 10 13 8 6 11 
-45 -27 -42 -35 27 -23 11 32 -24 9 -54 25 30 -53 18 -2 39 -28 33 -1 -53 11 13 -8 16 -18 -22 -43 7 -35 -54 0 30 31 -38 -14 8 -7 -23 12 -2 -9 -42 39 -48 20 11 -26 27 -47 -53 39 16 -49 43 0 -11 -11 -31 23 -54 -24 -15 -52 -30 -27 4 34 15 -6 -43 33 8 -55 -14 -41 -50 -11 -44 20 29 -49 3 42 39 4 -32 -40 41 -33 3 18 21 41 -49 -50 40 32 -12 -14 
9 10 13 11 10 6 10 8 9 7 7 6 13 10 9 13 13 8 8 6 9 13 6 12 9 8 7 8 11 13 10 10 9 7 7 13 9 10 9 11 7 8 6 8 8 9 12 11 8 9 6 10 7 13 8 6 8 6 7 7 10 9 13 9 10 6 11 7 8 8 7 6 9 12 9 6 13 13 9 12 10 7 11 11 9 11 13 13 7 11 8 13 7 7 13 6 13 6 10 9 
29 0 40 30 -6 -17 0 -40 -14 1 -46 -36 -28 7 -7 24 -12 -24 -4 -4 41 43 24 -17 -49 36 -54 -42 26 -4 14 31 22 -13 -14 0 -20 3 44 6 25 19 29 -17 -42 1 38 18 16 -24 -3 -2 44 -32 -55 -19 -55 11 37 -9 9 -52 26 -3 -46 -22 -33 27 34 -13 -51 14 -15 -19 10 -50 -43 17 -29 0 -30 -45 1 33 -9 13 -41 -42 41 -29 10 30 26 -26 1 33 -39 -17 43 -40 
9 12 11 10 11 13 10 10 11 12 6 11 13 9 13 7 12 7 7 9 11 12 13 6 7 11 7 13 12 8 8 11 8 12 13 10 13 10 6 11 11 8 12 9 13 10 12 8 11 11 10 6 8 6 10 9 13 13 10 9 13 7 12 7 10 7 11 6 8 10 12 8 9 10 8 12 9 9 6 7 10 7 6 9 11 8 11 10 12 8 8 13 6 9 7 11 9 6 6 11 
-44 11 -1 -1 -13 -12 -55 -5 11 -46 -21 43 -55 27 -39 30 38 -2 -31 -34 -7 -44 20 -12 -52 -32 -39 -32 30 -52 -43 -38 29 14 -48 11 -51 29 26 10 17 -25 5 32 -40 -10 38 -34 -13 10 -6 3 -7 11 15 41 38 -52 12 28 5 -41 -11 -40 -41 -31 6 -30 -55 12 17 -6 -38 -37 -42 3 24 14 31 20 -31 -9 32 -38 27 16 -15 -54 -20 -30 18 -8 -49 33 -38 -12 -17 29 2 -16 
12 10 9 11 7 11 12 9 9 7 10 6 9 9 9 10 8 8 11 8 13 12 8 11 11 9 8 8 8 7 9 11 8 8 13 12 10 12 8 10 8 10 9 8 13 8 7 8 10 12 6 6 9 12 9 6 6 11 10 9 10 13 8 11 10 13 9 8 8 12 8 9 8 13 8 10 6 7 10 6 6 11 11 12 11 6 10 11 13 9 8 12 13 7 9 8 10 7 10 10 
32 -26 -37 -44 -53 -33 -13 32 -13 42 33 17 -17 -42 -22 -7 -24 -5 41 4 -46 -26 -38 -31 -49 -34 34 -30 -17 -46 14 26 -16 -48 -26 -42 -1 30 -5 38 -6 39 -53 -47 -21 -28 17 -48 41 -13 17 -5 -47 -36 -34 28 -28 18 -50 -11 3 20 -11 36 -21 -3 28 -31 31 8 -24 -54 -2 0 -29 41 -27 -4 6 -45 25 -2 -28 36 36 -3 -46 -29 14 -21 8 -25 -34 12 -6 -38 10 -44 -30 -47 
8 8 10 13 13 12 13 13 11 6 11 7 13 13 8 10 8 7 8 8 10 10 12 9 7 10 11 9 12 11 13 11 8 10 12 6 7 7 12 7 9 6 13 6 11 6 7 13 12 8 13 7 10 12 12 6 13 9 6 8 13 13 10 10 8 12 7 13 7 11 9 8 9 7 10 6 8 9 13 10 11 13 7 8 11 12 6 6 10 7 7 11 8 12 11 6 8 6 10 10 
38 39 -50 4 -17 1 24 41 27 -26 1 -13 -15 -19 24 39 -12 -49 -23 24 35 -20 26 -39 22 18 -38 23 -52 26 -32 -23 20 -23 -15 -24 31 6 42 -2 -46 -20 -34 -18 -12 -22 -49 41 31 -20 18 -21 -48 -51 -48 -3 -29 -24 14 -47 -24 -24 -48 -9 23 -13 -10 -25 6 -8 15 -29 32 -41 31 -50 -16 10 -34 -11 -53 2 -35 -39 -17 -24 33 -11 -16 -20 -54 33 36 -15 -23 -21 -14 10 1 -22 
8 6 7 9 10 11 8 9 8 7 11 12 10 10 7 7 8 13 13 10 13 8 10 12 10 11 12 7 8 11 10 12 10 8 9 10 11 13 12 12 12 7 12 9 8 9 9 8 11 7 7 10 8 10 12 10 10 12 9 11 6 12 8 10 7 12 13 12 10 9 7 8 11 11 9 8 7 6 12 12 12 7 8 7 6 11 11 6 11 13 8 7 9 6 11 6 6 10 12 6 
3 31 -35 -23 -30 21 -46 36 -13 -34 32 -46 34 28 -34 32 22 -31 -17 -41 7 0 22 -49 -36 -12 -53 -43 -34 37 -48 -37 -11 -7 -40 24 -34 -7 -4 32 20 24 3 28 -9 32 -48 33 -30 40 5 -35 35 12 1 -1 17 -9 1 24 -55 38 -52 -46 -47 30 34 16 25 -28 -5 -14 -53 38 39 2 -34 1 -52 11 -27 33 -43 9 -20 17 -22 -35 -53 -53 -7 -49 -42 6 -45 29 9 30 16 37 
10 8 11 11 7 7 10 12 12 9 12 6 12 10 7 11 6 6 7 11 7 13 8 10 6 12 9 9 9 9 10 9 6 7 7 6 12 11 13 9 11 6 13 8 9 13 7 10 7 13 8 13 11 11 7 11 7 11 13 13 10 6 11 6 6 10 8 11 10 13 10 8 8 9 13 7 9 7 10 6 8 13 10 6 13 9 12 11 11 11 11 9 11 6 11 11 10 8 13 10 
-24 -14 -32 -13 -45 33 -42 33 24 18 -35 -18 0 -41 -24 -55 42 -44 -47 -38 -53 -27 -10 -16 -26 44 -22 41 29 21 -26 -42 -52 36 -52 9 40 43 -13 -15 -10 9 -33 -40 5 34 15 -6 42 36 -31 -3 -34 -15 -42 -20 -39 34 41 -7 9 3 -12 26 25 -48 -19 15 7 8 11 8 0 43 17 -24 6 -55 38 -14 -6 -11 -18 27 -36 12 8 -39 -45 -13 -36 -42 25 -47 -49 -8 -49 -3 41 16 
10 7 6 13 9 9 12 10 13 9 7 10 13 12 6 6 12 9 13 11 13 11 8 6 11 8 7 6 7 11 10 9 13 7 7 9 9 13 10 8 6 8 12 10 7 7 7 11 10 10 8 9 9 9 6 10 11 10 11 9 11 9 9 13 7 12 6 10 12 8 11 12 7 6 9 9 7 10 13 7 9 6 6 7 12 10 12 8 7 7 11 6 8 12 8 12 7 8 12 7 
-16 -4 18 -8 -36 24 -38 -10 -9 -55 43 42 -14 -30 -15 44 -46 1 -12 37 35 19 3 24 33 18 -55 9 -1 12 -25 -29 -3 20 22 -21 -35 38 -32 -15 4 -37 -27 21 -10 -2 -20 10 -29 15 -43 25 -29 4 5 22 -55 19 28 26 -49 32 -54 13 37 -41 -14 -50 39 -25 -25 -41 43 -16 -9 7 12 -1 -7 -27 -25 -31 37 -41 32 5 -41 -10 9 -12 -36 -29 -7 -11 8 15 0 5 -47 43 
13 6 11 12 8 8 13 9 13 7 6 9 8 10 6 10 10 10 11 9 8 7 7 8 10 8 13 6 7 10 13 6 7 12 11 11 9 8 7 10 7 11 8 8 6 9 10 6 10 11 10 10 10 10 7 8 8 9 12 8 12 6 11 10 9 9 12 8 7 8 6 10 11 10 13 8 12 10 13 11 7 7 6 13 6 10 8 11 12 7 9 7 12 8 13 11 10 6 13 11 
25 36 6 33 -16 5 44 15 -44 -22 -29 -3 -9 -34 25 -19 -19 -10 -30 -32 21 -13 44 -31 -26 -4 -27 12 43 2 -14 -5 -3 -6 -55 36 -44 -41 -2 -45 -13 -2 -27 9 -40 -42 -6 -31 -13 -1 -38 -15 -43 29 -6 -27 8 8 42 32 -55 31 -12 -17 -37 -35 -43 42 -50 -9 34 15 -18 -20 35 42 37 -38 -52 -25 10 -3 -36 42 -1 -27 19 28 6 -42 -1 -31 43 -5 35 -7 1 -31 -54 -37 
7 6 10 9 9 6 13 13 11 6 11 8 7 9 13 7 9 11 8 13 11 13 8 12 10 9 7 6 9 6 7 9 13 6 12 11 10 6 6 9 12 13 13 6 7 9 6 11 11 7 6 10 10 9 12 7 12 13 11 9 6 11 7 13 6 7 9 12 10 8 6 6 9 8 13 7 9 6 8 9 11 8 10 10 13 12 11 8 6 9 8 10 7 9 6 8 8 10 7 6 
24 -23 -7 -8 -11 -46 -9 1 15 -14 -16 38 41 -42 -24 -34 17 41 -27 33 -16 -40 44 0 29 3 29 -30 20 34 16 39 30 -11 -35 20 6 -31 16 11 -20 4 -15 -12 1 -1 42 -16 -46 2 -53 -32 -18 -17 -39 42 36 -53 34 32 42 -35 12 -6 -29 -32 36 -7 -20 36 -11 3 -43 43 17 0 16 -46 -2 -7 -10 -51 -43 -39 0 43 7 2 41 -37 9 -51 -37 -10 -42 40 -1 -22 -1 -37 
6 11 7 10 12 8 10 13 9 7 6 8 13 13 11 8 8 7 7 13 8 10 7 7 7 9 13 8 11 8 10 12 8 9 13 6 11 13 13 12 8 6 12 7 7 10 12 12 10 10 6 6 11 12 9 7 11 6 8 12 6 12 8 9 13 11 8 13 11 7 9 7 13 10 8 9 12 6 9 12 13 13 6 13 11 7 9 6 10 12 7 8 7 10 13 7 7 9 7 6 
4 -40 -39 -40 11 7 37 3 43 -24 24 33 18 -9 34 25 26 -55 25 32 -14 6 -14 43 34 18 -47 -46 -5 -47 -14 12 -30 -5 -51 -19 12 -1 30 30 -34 -27 -20 -40 -51 -11 -5 0 -36 26 -36 -7 1 -24 -14 23 18 34 42 -17 21 19 -30 10 -26 -5 -19 34 43 28 -6 -34 -16 -18 -21 29 -40 -33 32 38 -13 -33 -39 -33 -30 24 36 16 16 -51 38 -55 7 28 35 34 -38 36 -37 -35 
13 13 9 6 6 10 7 12 8 7 11 7 13 10 8 12 10 6 9 9 11 7 6 13 6 6 9 9 13 6 12 6 8 6 6 7 10 8 6 7 10 9 6 6 6 9 11 8 11 13 12 7 8 12 10 10 11 7 7 6 12 13 10 12 9 13 9 11 9 13 8 8 13 10 9 10 12 9 12 11 6 6 10 12 12 11 12 8 13 12 10 13 12 8 8 6 8 10 11 12 
-49 -29 -52 -16 -45 -41 -4 -23 30 29 -54 -20 -53 8 9 -43 -15 -44 -18 23 26 -21 -4 -15 -45 -17 -48 -6 -4 -5 -49 40 16 -34 33 20 -30 -48 -27 10 31 18 34 30 26 0 32 39 -49 -39 36 -4 32 -13 27 16 -3 40 -34 -54 32 -28 -30 -15 36 -25 2 -4 -51 17 -34 -38 0 -32 -4 23 43 31 33 -34 -44 -55 -27 -46 -33 23 4 -2 4 13 -14 -38 5 -2 -5 31 -48 -29 -6 18 
10 7 12 13 8 8 8 9 8 12 10 6 9 12 11 6 6 12 9 7 13 13 12 6 10 7 13 10 11 11 7 10 13 8 10 9 7 12 13 8 13 6 13 13 8 10 12 11 12 12 11 10 10 8 10 8 7 9 7 8 13 9 6 10 8 9 9 12 12 9 8 7 13 10 10 12 6 10 12 9 6 8 9 7 8 8 11 6 11 9 9 11 10 13 9 8 12 9 8 12 
0 9 -45 25 5 23 -28 27 -45 32 -25 -13 -52 -2 -38 -43 15 -40 16 -26 -49 -54 39 29 -40 12 -45 -18 14 29 27 -29 3 -44 -51 -10 -3 26 -22 -5 -17 17 -18 4 6 1 -51 -6 15 -22 -1 -6 -49 -51 -26 40 11 -30 13 -30 -51 -11 -49 44 -13 43 -4 -21 7 -21 -13 -48 34 42 -19 34 -11 -4 9 18 24 0 -28 42 -15 -30 -5 31 41 -49 6 -16 -27 -40 -20 16 8 -1 33 -25 
8 11 7 13 6 6 8 6 8 12 6 9 12 9 12 6 6 10 7 8 11 12 9 12 10 9 10 7 7 12 8 8 9 8 9 6 7 12 6 11 7 10 11 9 7 9 12 12 8 7 10 8 7 10 13 12 13 9 12 8 10 6 12 11 13 7 6 8 7 13 12 9 10 13 12 12 12 6 13 13 8 9 10 13 6 8 6 10 9 8 7 7 10 8 13 13 11 7 12 9 
26 -16 36 -41 27 -22 -55 40 44 38 -28 -15 -15 17 -44 -39 7 -13 36 28 36 -10 -27 31 -2 -13 31 9 -22 -3 -31 26 5 19 -4 -8 18 4 7 -37 -1 -3 -12 -51 21 35 6 38 -8 -46 -20 40 20 -3 -55 -54 8 -21 -8 10 33 -51 -51 -15 22 -4 -52 -18 -43 30 30 -47 3 -40 7 17 -53 19 -49 -49 -32 -12 35 6 32 16 33 -24 -45 15 -6 10 17 -41 44 -25 39 -39 20 -51 
13 13 7 6 8 9 12 13 12 6 6 10 9 9 10 13 9 11 7 9 13 10 11 7 8 12 10 11 12 13 9 10 12 10 7 12 10 6 13 7 10 6 8 12 7 9 13 6 13 10 12 7 6 8 8 13 8 13 6 6 7 6 11 8 7 11 11 13 13 8 8 12 7 11 8 10 8 7 10 11 9 8 10 12 12 8 11 11 11 9 12 10 9 11 6 7 6 8 13 7 
24 -54 -28 -28 -44 -3 38 -16 -20 23 -42 -11 4 -39 -53 -42 -49 43 18 -28 -50 -31 -4 17 -3 34 11 -37 24 -12 21 28 5 -3 26 0 41 -5 -21 -33 43 -5 -9 -19 40 -29 -9 43 -29 15 -4 8 9 40 23 25 -27 -48 21 4 -28 -39 -36 -49 35 2 -6 19 -1 -14 -13 22 6 -38 40 30 4 8 -10 3 -39 -43 -4 16 -3 -11 -11 33 20 -39 -10 16 7 -10 -25 25 38 43 -25 14 
13 11 10 7 13 12 13 6 10 7 7 6 9 13 6 13 9 8 7 11 7 10 11 9 11 11 7 10 11 10 7 9 7 6 11 11 13 13 12 6 6 12 8 10 8 8 12 7 13 13 10 8 12 13 12 7 7 11 7 8 13 8 11 10 8 6 10 11 9 12 7 11 11 9 9 13 13 12 8 9 12 11 8 13 9 10 12 6 6 7 12 9 7 12 9 6 7 12 8 8 
-49 33 -51 -19 6 -55 -34 -31 -22 4 1 -23 44 -50 39 -30 19 -22 42 37 1 30 -4 -25 -31 -1 24 17 -37 39 -8 -32 -19 17 -17 -51 7 26 13 24 -31 10 -28 -18 -25 36 -6 -20 21 1 -15 35 -19 5 22 -28 2 -48 -19 -7 6 -47 7 -7 -54 37 33 -42 -37 -6 -48 -3 -43 20 -23 -22 -36 -36 43 11 -5 -37 -41 1 -40 -11 8 -4 31 -14 -33 -53 35 1 4 22 26 39 2 17 
13 11 12 6 11 12 9 10 12 6 8 6 9 13 6 7 13 13 12 11 11 10 9 10 7 7 10 13 10 6 12 6 10 8 8 8 9 13 9 9 13 6 11 13 8 8 12 12 9 12 7 7 11 6 6 7 12 10 8 7 8 6 12 11 7 12 13 9 12 6 6 6 8 7 8 12 7 7 9 11 9 7 7 6 11 6 6 7 7 11 6 6 9 12 8 6 12 7 10 8 
12 -30 -51 -22 40 -35 22 35 16 -49 21 -50 4 -43 19 42 -52 6 6 22 -45 29 25 -5 -31 25 -25 -48 -36 -42 19 0 -23 37 1 -41 -13 1 29 -53 20 -49 17 -20 -48 -1 0 -3 -1 -44 4 1 6 26 3 -6 -40 -10 42 6 29 -55 -30 7 27 -12 27 -5 17 -8 13 7 -40 -50 -55 -5 4 -51 -39 -33 -33 -53 -24 -24 -52 -40 4 26 26 -23 -31 40 42 24 -24 17 27 1 27 38 
9 13 6 13 8 13 10 12 9 8 13 7 9 8 11 10 8 10 13 10 13 12 12 13 8 12 13 10 8 7 6 9 6 8 8 13 10 9 13 9 13 6 11 10 7 8 10 11 9 8 11 6 13 13 10 10 13 7 13 8 10 13 13 11 6 12 12 7 11 8 7 8 13 8 7 6 6 13 11 8 9 12 8 7 9 13 11 12 10 10 6 13 8 11 9 12 8 9 11 8 
14 37 33 -45 9 -23 -6 16 -55 34 16 -46 -30 -55 10 22 23 6 -29 -53 39 -53 -30 -41 -13 18 -54 -53 18 20 -52 -31 -26 -6 -26 4 33 -6 10 21 6 41 -52 -7 -39 -8 -52 39 -28 19 -21 36 4 -50 -24 32 8 -42 -50 19 -32 30 -4 43 -8 -10 44 31 30 -5 -41 40 -32 25 -39 -44 11 -7 -24 33 -47 4 -17 18 -2 -52 42 43 22 -29 7 9 12 33 10 13 37 -19 -4 -37 
7 13 10 7 13 10 13 10 12 6 12 11 6 8 12 11 8 10 6 6 13 6 11 9 10 11 9 9 11 7 6 13 12 10 12 7 9 8 6 7 10 7 10 9 9 9 7 8 6 12 9 11 13 9 11 6 6 10 13 12 6 7 6 12 12 10 11 9 7 10 8 7 13 13 6 11 7 10 6 10 12 6 13 13 10 12 9 11 12 10 11 7 9 10 13 12 9 7 6 6 
16 -44 -54 -30 42 -55 -4 5 7 -4 -45 -27 -20 26 5 -55 -25 -40 -45 6 23 -8 -13 -30 -35 7 -37 -16 25 -10 17 -44 -12 -48 -20 -35 -18 -13 -3 27 23 -30 41 34 42 15 -14 24 -54 -55 -32 -50 17 -48 34 18 -14 32 6 31 14 38 -31 5 4 40 30 -9 -23 12 21 -53 22 44 19 -24 44 -52 -4 21 -13 -5 43 -27 13 -6 1 18 13 -9 -32 23 -18 -10 38 -11 30 -18 35 32 
10 11 8 7 13 8 13 8 11 10 11 6 9 11 8 8 9 7 6 8 9 10 7 9 12 7 9 8 10 13 10 10 12 7 13 7 11 11 13 13 9 10 10 8 7 10 10 9 9 9 9 13 7 11 12 7 13 6 11 8 6 12 13 6 12 8 8 11 11 12 9 7 7 11 9 9 11 11 9 10 11 13 7 10 12 7 9 7 10 9 9 11 11 8 10 13 11 8 10 11 
37 -48 -32 22 -52 42 16 14 2 19 -43 -55 42 -3 30 -38 -33 13 41 -53 43 -29 32 -1 -44 15 -16 -37 -38 32 -10 39 36 39 3 -5 14 -38 -32 -53 -21 13 -13 40 9 -16 21 -16 18 -22 -3 -38 44 34 15 30 -1 -39 44 -31 -20 43 17 -8 -3 1 -42 -47 -40 -10 -54 -41 30 -24 -17 -49 -15 -15 -21 -38 -44 -5 4 9 13 -43 32 -9 19 43 34 -18 -35 40 -41 -23 10 -3 36 40 
8 10 12 9 11 12 6 6 9 13 8 10 6 11 8 11 7 13 10 12 9 7 6 12 8 8 12 8 11 10 11 10 6 10 6 9 7 9 9 11 6 10 10 9 6 13 11 10 9 11 7 10 11 11 11 12 13 12 7 6 13 12 13 12 12 9 9 7 9 6 9 8 12 8 8 8 13 10 13 9 6 13 9 10 6 12 9 7 8 7 9 8 11 13 10 11 11 8 12 12 
7 3 -33 23 -4 4 -18 6 -37 -12 -18 5 -45 42 -49 -8 -26 8 28 -51 44 30 -16 37 -49 -28 -39 3 -28 -38 39 -46 23 -54 -6 -10 11 -34 0 -54 -16 10 32 44 -36 -36 -34 -31 23 -26 -22 -1 38 32 -34 40 -37 27 -26 -27 -25 -15 -16 -21 12 -26 24 20 -32 22 33 22 33 -20 -39 -17 26 -55 30 17 -55 -30 29 20 15 -40 -5 23 -38 25 41 -44 18 15 -39 7 42 38 -13 6 
12 12 6 7 9 9 10 13 13 12 7 11 6 6 11 13 7 10 8 12 9 6 10 6 13 10 7 13 6 13 8 12 13 12 8 8 12 11 10 12 6 9 8 7 7 7 9 9 8 10 10 12 6 9 9 8 12 9 13 10 6 7 10 13 8 13 12 9 13 9 10 11 12 10 13 13 8 13 9 8 7 7 11 8 6 11 11 7 11 7 12 12 11 10 10 13 13 8 11 10 
-11 -8 44 -13 41 18 -14 1 -46 -42 -3 38 20 1 17 -29 -8 31 28 22 -43 39 -2 -24 44 41 -2 15 -33 20 0 -13 -39 -36 11 -19 -1 19 9 -4 30 -51 -8 -36 -45 -26 -21 -20 15 31 -50 -24 -32 -35 18 27 39 -7 44 9 -52 35 -36 24 -4 -42 13 -43 -47 -9 -8 -55 39 41 -12 9 -20 -8 -16 -35 -44 -11 -9 39 43 -30 34 0 0 31 33 -45 19 -53 3 -13 33 43 39 5 
12 12 8 6 9 11 7 6 8 6 8 11 13 8 8 9 7 12 12 13 10 6 7 13 6 7 9 10 7 7 9 13 6 8 13 8 8 9 7 6 6 8 9 13 13 12 13 11 6 9 6 7 9 13 11 9 13 11 13 13 11 6 7 12 12 8 13 12 8 11 8 9 9 8 9 11 7 7 12 10 6 6 8 7 12 13 12 13 7 9 12 8 6 7 11 13 7 12 11 10 
-40 10 26 26 34 -19 -53 -28 32 31 -37 37 -48 -2 30 29 -40 44 -51 19 -23 -8 -36 -25 44 -46 -18 -6 -12 7 16 -6 -41 6 -6 40 -55 -51 -43 -13 -31 -36 -42 -13 -1 10 41 -42 -26 -42 -23 -43 35 42 23 -54 -51 -47 18 -11 10 10 -2 37 -22 19 -4 -3 -45 -41 0 -50 20 19 28 22 -1 -45 9 41 4 16 -53 -41 3 -19 5 -49 17 -17 41 -14 5 -31 -35 31 26 -44 31 -43 
12 11 12 6 8 6 7 11 11 8 6 8 13 12 7 13 9 11 7 8 9 8 9 13 8 9 6 11 8 8 13 10 6 8 13 10 10 11 9 13 11 11 11 7 10 8 12 13 13 10 10 13 8 8 11 12 7 8 10 13 7 7 8 8 13 11 12 10 7 7 6 12 10 7 8 6 12 13 6 13 11 11 8 10 13 10 13 13 10 10 11 10 6 11 12 11 11 12 10 6 
-38 1 -54 -21 29 -38 33 13 6 -42 -11 18 -46 1 -49 -38 -23 -50 -22 -18 23 -44 -25 35 30 43 13 -21 -54 18 -22 -19 -43 -2 -50 -55 -51 -15 -8 -20 -10 40 -33 -7 -52 41 -54 -52 12 42 -17 -39 -2 38 -55 40 -5 -23 20 12 -20 -6 -35 10 -41 -38 18 -12 4 -28 -1 -19 3 43 18 -14 -32 -28 40 -46 31 16 -32 14 9 0 -21 40 -2 19 -35 -44 24 -52 -45 -37 -4 -31 21 -16 
9 12 12 6 6 8 7 12 7 9 9 9 9 7 9 12 13 11 11 10 7 12 12 13 8 9 12 10 13 8 13 6 9 7 12 11 9 9 13 8 7 11 12 7 10 7 9 12 12 9 11 10 11 8 8 7 12 7 11 11 13 13 8 13 9 9 13 7 10 10 9 11 10 7 9 6 10 10 8 12 7 10 7 12 9 9 13 13 6 11 9 9 7 8 6 9 9 12 6 10 
-2 -40 -27 13 29 -9 8 -15 20 -33 14 1 -19 42 22 8 -17 -18 -45 -46 9 23 -24 3 28 -47 31 42 44 -31 -1 -47 -55 31 12 23 -5 -17 -14 40 -46 -52 32 -36 0 27 44 15 -33 12 44 2 -16 -13 -13 25 -4 -53 4 -35 -4 -21 -27 -16 0 -25 -16 21 -36 -20 3 -52 -45 11 -50 20 15 -40 5 8 -36 12 2 14 28 0 -40 40 -20 22 -27 -19 -55 -51 44 -54 -27 -48 -42 -3 
7 8 7 13 8 10 9 11 11 6 13 12 11 13 11 7 12 12 8 13 7 10 10 7 10 11 9 10 7 7 7 10 12 13 9 13 11 12 6 10 11 11 8 10 6 6 8 13 12 12 7 8 9 8 10 6 10 13 13 12 6 13 12 10 10 11 6 6 13 8 11 11 6 11 7 10 11 12 7 7 11 11 12 8 13 12 13 10 11 6 10 13 10 12 7 8 11 12 13 7 
-14 5 -42 -13 -52 26 -54 16 39 26 -17 20 -29 -2 -2 -25 -20 -30 20 -50 -2 -6 34 18 -51 -29 -42 9 -35 33 -22 -52 26 15 6 -22 -20 -22 -41 40 -7 1 4 32 9 -28 -48 28 -29 20 14 -27 -37 -21 -20 3 43 -40 -32 30 22 -55 -30 1 -19 -17 -27 -37 -36 -6 -52 -9 -3 -46 -44 4 6 -16 -7 -47 21 5 -40 -31 -41 36 15 -10 -46 2 -21 -53 -4 -37 5 -1 0 22 12 -32 
12 10 11 10 6 12 10 8 10 7 9 11 7 10 7 7 13 9 11 13 11 10 9 12 10 8 11 7 10 13 12 8 12 6 9 13 8 10 9 11 7 11 6 9 11 8 12 6 6 10 10 13 8 13 7 7 13 9 7 9 7 10 6 8 8 13 12 11 10 13 9 9 10 12 11 10 10 13 13 10 7 10 10 11 10 9 11 9 10 13 6 12 10 10 8 10 7 8 11 12 
37 -41 -30 -51 -54 18 8 3 -5 36 -15 -38 -26 -27 26 -2 29 -51 4 -42 -39 -27 -26 -49 0 -1 -4 32 22 42 2 -19 -15 -29 17 -55 -51 -29 -30 -2 9 43 -39 8 39 -36 -13 -31 1 -33 -25 -1 22 24 1 -34 -10 32 -32 40 -22 25 -37 -42 15 -19 18 -19 -5 -38 -30 -43 21 -47 -28 -44 36 -20 -7 26 -46 -2 -24 -36 -3 40 -52 -46 11 13 -31 18 30 19 -28 -7 -26 -29 41 -16 
11 12 13 13 13 6 12 6 10 8 8 10 13 10 11 12 11 12 9 11 7 12 10 13 7 10 6 12 7 10 10 7 12 10 10 12 12 13 7 13 11 7 11 8 9 10 11 11 11 8 13 8 6 10 9 6 12 8 13 8 8 10 11 9 12 7 6 8 13 11 13 9 13 6 7 12 9 11 8 10 12 7 11 13 12 11 8 7 12 10 7 6 10 7 6 6 9 9 8 8 
-27 19 -18 -51 -51 36 14 37 -42 -28 -38 30 43 -30 10 41 -8 -55 42 -31 27 -13 2 13 -28 -33 -50 -26 -52 -12 -4 -33 16 31 3 19 14 39 11 -34 24 39 -41 27 28 -41 9 10 -27 43 16 9 35 33 -14 -36 -8 -55 -4 -51 -55 14 -45 -8 -41 22 8 -33 40 -3 4 -55 28 -38 -55 24 -44 19 -37 28 -52 -24 6 10 -52 -54 -10 5 29 -44 28 16 -3 9 -3 -39 5 -21 1 40 
10 9 10 11 6 8 13 12 6 10 12 11 11 9 8 10 13 8 8 6 13 8 11 11 12 11 10 11 10 8 10 11 11 7 9 7 8 13 6 7 10 9 6 10 12 7 13 10 10 13 10 7 12 13 6 9 7 11 13 8 6 7 6 7 13 13 8 9 7 11 13 9 8 10 12 8 13 9 9 11 10 6 8 11 12 6 10 10 9 8 7 10 13 13 13 8 7 10 7 9 
-3 28 28 34 -21 -28 -30 -6 -25 -24 -32 -51 42 -3 38 1 -31 15 -13 -3 -36 41 2 15 14 44 22 -27 -9 -9 18 26 -22 44 26 -33 -11 40 -15 22 42 -17 -16 37 -41 -26 5 13 15 -18 19 -3 -42 -2 -3 14 -33 16 -7 41 -19 -16 23 -45 -47 36 -34 -49 -39 31 22 13 31 -43 31 -10 15 -42 -7 24 31 -54 28 -41 10 -32 -38 9 -53 30 3 -10 23 29 -20 34 36 -19 -53 19 
12 8 10 6 13 10 6 13 13 7 6 11 9 12 12 6 13 6 7 13 7 8 13 9 6 7 10 9 13 12 10 10 12 10 12 6 9 10 9 13 10 11 11 10 6 13 8 8 13 8 9 12 6 8 6 12 8 12 13 8 10 7 11 8 6 6 9 7 11 12 10 7 11 11 13 12 13 11 6 13 12 8 10 8 7 7 11 13 9 8 8 7 12 11 8 6 10 12 8 8 
0 36 15 -48 35 9 -26 23 36 -39 33 -20 -25 36 12 -25 -54 31 -22 18 -9 -40 26 34 -49 30 -2 18 0 11 41 32 25 0 -12 44 -12 -40 24 -42 -43 13 -38 -37 21 -36 26 -37 -38 23 25 2 21 -12 -26 -19 -45 -25 3 -42 -48 24 41 -46 -3 -54 0 17 -51 3 28 -17 -41 38 -44 -6 22 25 27 12 24 14 29 35 -49 12 -6 2 13 -7 -22 -19 15 23 8 -28 40 32 8 7 
7 7 8 11 11 12 13 9 9 9 7 10 11 13 8 6 10 9 8 6 8 9 7 13 8 13 7 7 11 9 13 8 13 10 9 8 7 10 11 6 6 6 9 11 11 6 7 9 12 12 6 12 12 9 8 7 7 12 11 9 8 12 12 9 6 9 6 8 12 6 10 7 8 9 9 9 7 13 9 10 7 8 12 7 12 9 7 8 7 13 9 12 12 10 11 12 11 11 7 10 
-11 -36 34 -34 8 24 -33 -6 1 19 -51 19 -52 34 34 -11 5 -6 -53 -36 -23 -42 37 -38 -1 -2 -8 -34 -16 -16 -36 -30 4 37 -51 1 -33 3 24 28 -26 -52 -6 -10 7 -27 33 29 -24 -12 5 -1 -14 35 -43 -23 -3 -46 -42 -29 -19 -50 -45 24 -23 7 -19 -52 -25 -17 -52 35 43 44 7 -9 41 -36 21 16 40 -17 21 -33 12 21 -21 1 10 -40 -33 -42 31 -48 -22 5 26 1 -6 -30 
7 6 12 11 12 8 12 10 9 12 11 6 10 11 11 6 6 10 13 10 12 6 9 10 10 10 11 10 6 13 6 12 8 6 13 6 7 9 8 13 11 6 12 10 12 8 6 12 9 11 9 6 11 10 13 11 11 8 11 7 9 13 7 8 7 11 13 13 13 10 7 6 6 9 13 12 11 13 6 9 6 7 7 11 10 9 10 13 9 9 8 7 6 10 9 8 12 7 11 9 
-15 -44 -3 -42 -48 -14 -42 39 26 18 -5 41 16 -41 -50 -21 26 -42 12 24 -14 -11 -36 -31 -6 42 -8 -14 14 27 23 -52 -15 -22 -33 30 -33 20 25 -39 -25 -39 -1 -11 33 -26 21 -8 -1 2 -9 13 -36 -14 22 -55 29 -19 -47 37 -5 -6 34 25 -39 -53 -51 -10 -38 5 -8 10 17 -51 -20 28 -27 -25 27 -26 -1 21 -6 27 -22 11 13 -36 -27 -4 20 6 42 -5 -36 -43 -45 26 -25 -40 
10 8 9 10 10 11 8 7 7 7 8 9 11 8 6 11 9 12 9 6 11 13 10 8 13 7 6 11 9 10 9 8 13 9 13 11 10 12 12 9 6 12 11 7 13 13 7 12 11 8 12 10 13 10 12 9 8 7 13 13 10 11 6 9 8 10 10 11 7 6 6 10 8 10 8 6 13 13 9 6 9 8 13 8 8 11 7 13 9 13 10 10 13 11 6 6 11 11 8 9 
-51 -31 -52 -35 34 37 -25 35 -16 -54 -51 -15 18 -33 -24 27 -49 -35 16 3 -36 0 -31 -21 -37 17 1 29 -55 -9 -7 -52 -40 4 1 17 19 -21 37 -38 -40 4 9 -46 -8 -25 -42 -42 -52 36 -26 -11 -39 30 -28 -22 -16 39 -16 -51 32 12 -40 -33 29 41 -20 32 -41 -9 -6 26 -34 36 -30 36 -49 -13 -32 -38 -18 20 -41 -49 -31 38 41 -28 -7 15 -9 -13 28 8 27 -12 15 -34 16 42 
10 6 7 11 8 8 10 12 10 7 11 6 6 10 13 12 12 9 10 12 10 8 11 11 8 6 11 8 6 6 10 13 13 13 9 11 12 13 10 13 12 10 10 8 6 12 9 9 11 12 9 7 12 10 13 11 12 6 12 6 10 13 6 10 11 6 6 11 7 6 8 7 11 9 6 12 8 10 6 8 9 13 6 7 10 11 10 9 7 6 13 10 11 13 6 6 11 9 13 12 
33 16 18 5 -43 -5 -27 -35 -23 -11 -37 -42 36 -33 -4 -38 18 22 30 -25 6 36 -7 19 24 -27 8 24 -52 -3 -10 28 -22 15 36 -46 -13 5 41 25 44 37 -5 -16 -2 12 34 10 -30 -20 -45 -1 26 36 -13 -13 11 22 -8 27 -48 28 42 41 -45 4 25 -48 -22 4 31 0 -27 42 1 -10 -22 -9 19 39 5 -14 15 -7 -23 -9 -38 34 -33 -52 -15 13 26 -7 -55 31 -42 19 -30 -29 
6 11 10 10 8 12 9 8 13 12 11 8 8 11 12 12 6 11 6 8 9 13 9 8 7 8 12 10 10 11 12 12 8 13 12 9 6 11 6 8 9 10 9 13 13 6 12 13 10 10 9 12 11 9 6 9 9 12 8 12 8 12 8 6 7 11 11 10 6 6 12 11 11 6 13 7 6 8 7 10 6 9 6 6 11 13 8 9 13 10 7 7 12 9 12 9 10 13 7 6 
-38 -50 27 -27 -2 -45 -17 -16 20 27 40 12 -7 -50 1 -55 10 38 30 7 -26 -39 15 17 -25 43 -22 25 44 9 -30 24 -17 -9 17 -13 -51 7 -19 -14 -42 19 -42 -12 -39 -15 27 -13 11 40 -32 18 -17 -6 14 24 -6 -27 -55 31 31 6 38 0 18 12 -8 -3 -11 -4 -3 -36 40 -7 -16 34 -55 -1 41 -4 -34 20 -34 12 13 -10 -39 3 -36 41 -20 6 -41 -1 15 35 30 23 16 1 
8 9 8 8 13 11 6 13 6 10 12 12 10 9 8 10 10 12 11 12 6 6 7 11 7 9 10 13 12 7 12 6 9 10 6 7 13 7 11 13 10 8 11 13 11 9 6 7 9 11 6 8 6 8 8 13 6 6 13 13 10 8 11 6 7 9 9 10 7 10 11 11 7 13 11 13 8 11 9 11 9 12 12 13 13 13 9 8 9 7 12 6 10 13 13 8 12 13 12 10 
-52 -10 2 -39 2 -18 10 18 42 -7 -31 5 -29 -15 -36 -27 -14 16 -7 -5 -16 -26 -46 -15 9 -6 -9 -55 -26 3 -53 -47 5 -49 38 17 -26 -21 11 -2 -2 -4 -16 20 32 -54 39 -42 28 -21 -7 -27 -29 -46 -54 0 6 -32 23 -42 -30 -17 -13 5 28 10 -51 -14 -21 -40 40 -20 -13 20 -28 -38 -6 8 -15 -41 40 -28 -31 16 27 -6 7 9 -12 -44 -43 31 -27 -39 41 -43 35 -24 -28 -43 
8 10 7 10 9 10 7 12 8 9 6 10 8 6 10 9 7 7 13 13 9 9 9 12 11 10 6 11 10 13 11 6 13 7 10 10 8 8 6 13 11 11 9 8 11 9 9 11 7 10 10 10 13 6 11 7 6 12 10 8 7 9 8 11 10 11 13 7 12 6 11 12 8 7 6 6 12 7 7 6 11 10 13 10 11 8 13 6 7 12 11 10 7 11 10 13 6 8 8 11 
-36 -23 37 -53 -38 -29 5 -44 32 43 -44 -23 1 -36 -9 -45 20 -46 -16 18 17 4 26 -25 -15 -12 -10 32 -46 -41 -9 -28 22 1 -7 33 31 -9 -8 11 -49 -30 -46 -1 -31 23 -10 19 8 30 38 -52 6 -37 -43 33 19 -12 -18 38 7 -41 -16 12 -46 6 -34 7 10 0 -31 38 -10 -31 -37 30 -3 -50 -18 -7 -47 -50 6 44 -43 36 43 15 17 11 -6 4 -12 30 -51 -1 26 23 -51 36 
8 8 13 11 9 11 13 7 10 6 11 7 11 8 7 9 7 12 12 11 6 9 11 13 10 7 12 9 12 11 7 9 8 12 7 10 6 7 9 8 10 8 13 11 6 10 10 8 7 9 6 10 13 6 6 10 7 10 10 13 7 7 13 13 9 11 12 11 10 6 13 11 6 6 10 8 10 9 6 10 12 12 7 13 8 9 12 13 12 13 9 6 6 11 9 8 12 11 12 11 
-52 -53 -44 30 -19 -32 -9 -41 -38 36 -17 -9 38 31 22 32 -12 26 -10 -33 36 -21 32 41 17 23 1 -22 -7 -47 0 3 42 -17 -41 12 -15 -27 26 29 12 -4 -38 -48 32 1 -48 -28 13 -33 35 -36 -26 22 -52 0 -21 -47 28 7 16 29 -51 36 -1 42 37 -10 2 35 -30 -30 19 17 -2 36 7 9 9 4 -28 23 37 27 7 -15 8 0 -22 -17 -19 -36 34 -46 20 -14 23 1 7 39 
7 6 6 13 12 12 6 13 6 8 13 6 8 10 11 12 9 8 11 12 6 12 8 13 6 7 10 8 7 10 10 13 7 7 11 7 6 11 10 8 10 7 7 7 10 7 11 9 7 11 12 13 7 12 8 13 12 9 7 10 13 10 11 8 12 12 12 10 8 7 7 6 11 12 7 12 6 12 7 11 12 13 7 13 13 13 13 12 12 12 13 13 11 13 12 12 12 13 10 8 
-2 -53 -47 23 14 19 25 25 21 -54 2 38 9 14 -47 22 -33 42 31 -15 17 40 42 35 26 1 -44 32 -40 -19 23 -49 -45 24 38 44 32 4 39 27 -12 -33 -55 -45 -26 -1 -12 34 19 -19 23 -29 -15 -21 9 -2 37 -19 -52 27 25 34 17 -35 0 -14 -48 -12 -20 -34 -21 37 -6 -24 44 -43 32 -35 40 29 -32 -44 -15 -32 10 -36 24 -43 16 12 35 -6 -51 -54 21 30 35 -47 -9 -41 
7 12 10 12 8 8 11 9 11 11 6 10 7 10 9 9 7 11 10 10 6 11 11 9 7 7 6 6 11 10 10 7 7 6 12 7 12 7 9 6 8 12 11 10 6 7 10 12 10 7 13 13 7 12 10 11 12 11 10 7 12 10 8 9 13 7 11 6 11 12 10 9 6 13 8 7 10 13 9 7 6 6 11 10 7 7 8 7 13 11 11 11 13 8 9 7 9 13 10 10 
41 42 -30 7 -25 -51 18 -18 6 23 20 8 -53 44 43 25 16 -12 -55 27 17 38 3 -13 -41 -55 26 10 -26 36 -2 20 -22 -39 -1 16 21 -15 16 24 16 -2 30 -10 39 14 -46 -54 -10 -3 34 18 -2 -19 22 -40 -41 32 1 -37 -46 -55 9 12 22 -49 11 -26 19 42 28 36 -52 -41 17 14 -23 42 -4 27 -5 -51 -45 -6 11 -52 0 2 -32 -52 14 22 -51 -11 19 -27 -38 31 7 -26 
6 7 13 12 13 13 11 11 11 8 13 6 12 9 12 12 9 9 12 8 7 13 10 6 6 7 13 10 13 11 7 11 12 7 13 9 11 7 13 11 9 7 8 12 7 10 8 6 6 11 12 7 6 11 10 12 9 10 12 11 7 9 6 13 11 7 6 12 13 10 13 9 10 8 6 10 9 7 12 10 7 10 9 9 6 13 12 13 9 11 10 9 11 13 8 13 9 6 8 6 
-16 -52 -42 -54 -49 6 -51 11 5 -35 42 -14 32 -44 4 28 30 -53 34 -7 -53 9 -39 -7 -34 -32 -35 40 10 -3 21 -39 -35 -39 -19 40 -16 19 -33 -38 -39 -53 -43 -44 37 -38 26 14 -24 -17 31 41 23 33 40 43 13 -26 -49 -53 -27 40 40 -45 -50 -14 -51 -12 -17 -55 -36 -19 -27 -52 -1 40 42 36 24 6 -52 -48 -27 24 -18 8 -47 -27 11 -45 20 38 15 23 -9 4 13 0 -41 28 
8 7 13 6 8 12 6 6 13 11 8 6 9 6 10 11 8 9 10 9 12 12 13 8 11 11 12 11 6 12 8 8 11 9 7 13 13 6 7 8 11 13 11 11 6 8 12 13 7 7 9 12 8 11 9 9 9 10 8 13 7 12 9 11 8 13 12 13 10 12 8 12 12 11 10 10 13 8 7 11 12 11 6 11 7 9 9 9 8 8 13 12 13 12 8 13 7 10 12 6 
-28 -5 12 -24 29 -41 -18 7 -45 -33 22 42 14 -49 9 33 -52 -40 31 0 -46 30 14 -47 -29 -23 20 -51 -25 25 -48 37 35 -27 20 -46 43 -24 27 -25 -20 -49 9 -50 -37 -33 27 29 37 27 22 -46 -55 32 24 -31 27 23 -30 -11 -10 18 -27 -46 9 23 16 -14 20 -47 -4 29 10 -15 -24 -31 -10 28 44 25 -34 -35 -39 -15 27 22 3 -48 -32 -18 -31 13 23 -19 -52 -12 -31 0 -21 15 
11 7 7 7 9 12 11 8 12 12 12 11 10 11 12 11 11 8 7 9 7 7 12 13 7 11 11 10 10 8 7 10 9 8 13 10 13 11 6 6 7 13 10 8 8 11 13 13 10 6 7 8 7 11 6 12 9 10 7 12 9 6 13 13 11 12 9 7 10 7 10 7 8 12 6 9 9 9 10 12 9 11 7 6 11 9 6 10 12 11 6 6 7 7 11 10 9 12 8 6 
39 -45 35 -1 -37 7 -27 13 41 -42 2 19 -21 31 -17 24 -4 2 -53 -42 -48 16 26 -52 -17 -31 -17 39 31 12 -29 39 -14 -3 19 6 0 -35 42 -17 -44 -26 38 -35 39 36 -51 42 10 33 -49 -30 -52 -52 -18 31 15 -24 4 -33 37 -9 -28 -25 10 15 16 -23 40 9 38 -11 -9 1 18 -44 -2 -7 -21 23 -18 -51 -24 2 1 18 8 -2 -54 -7 25 -21 -45 31 38 -50 -13 43 23 -16 
10 8 10 8 13 7 11 6 6 7 6 10 7 7 7 10 6 7 10 10 13 6 6 10 10 12 12 12 10 12 8 6 10 12 7 7 6 8 9 7 13 11 10 7 13 8 11 12 11 9 6 6 6 13 10 6 13 7 11 7 13 13 6 11 7 6 11 9 10 7 12 6 13 8 13 11 8 10 13 13 11 12 12 10 6 7 13 10 11 6 6 12 9 10 13 12 11 13 6 9 
-24 0 -39 6 -1 -1 41 -17 -54 8 7 25 4 -44 -40 -11 -11 43 -13 23 1 32 21 -17 22 -4 29 6 44 33 10 -29 41 25 27 -9 43 -37 30 -5 -49 -36 -52 30 20 11 3 14 -49 -10 13 -29 -37 27 21 -35 20 -5 4 -11 -48 0 -31 -1 2 13 -8 6 23 18 43 5 13 21 42 -31 -7 -52 -39 3 20 12 35 3 22 -50 -35 -43 36 -5 -8 -25 -54 5 35 -5 22 -36 -11 -21 
11 7 10 7 13 12 11 13 6 12 6 6 6 10 6 10 6 9 8 9 13 9 10 6 7 13 9 9 10 10 6 9 11 10 9 10 9 10 8 11 8 9 9 11 9 10 7 6 8 11 10 10 7 7 10 7 9 9 12 6 8 10 6 8 11 13 8 11 10 9 11 9 12 7 7 9 12 12 7 10 7 9 8 13 9 10 11 11 9 11 6 7 10 9 9 12 11 8 7 10 
-16 20 31 28 -31 30 -30 38 -43 17 -13 -33 -31 26 22 38 0 44 24 29 -10 -10 -31 39 -51 -22 -33 -31 -39 -2 35 -9 19 -51 -35 -47 -14 -36 28 21 30 -35 10 -2 -40 -12 29 2 29 -40 -36 -8 26 -40 16 -19 -36 11 6 44 -19 28 39 43 7 6 17 -24 24 40 42 -36 -55 -36 18 -5 -41 -11 -38 -4 -1 17 -15 38 -40 -48 34 -13 38 -10 4 8 2 -33 -35 -51 -8 -51 -54 7 
9 10 6 12 13 11 6 9 11 7 7 9 7 12 13 12 6 6 7 6 13 10 10 10 11 10 12 7 12 9 6 10 8 10 9 12 11 12 12 13 6 9 12 8 6 7 6 9 12 6 9 13 13 11 8 9 11 12 6 6 11 13 10 11 8 11 6 11 8 7 10 9 13 13 6 9 7 6 8 9 9 11 11 8 9 11 9 13 11 6 9 11 8 10 12 12 11 6 13 12 
-29 37 -41 -18 -32 -7 4 -52 -47 17 39 -29 -54 41 9 -14 -14 44 -48 10 -54 14 -20 -54 28 35 27 7 -22 -18 2 -45 -22 -46 8 5 35 -18 38 -26 -28 30 40 -10 15 33 -20 -26 -40 -54 -40 -40 -33 4 -8 -8 19 29 -4 -38 33 8 -29 -12 -7 42 -3 -15 -50 -30 2 -6 -44 -32 -45 -48 21 16 -24 34 21 -10 -49 40 43 -15 -47 -8 -5 -32 10 -31 -39 -39 14 1 -2 4 5 35 
11 7 11 13 6 12 8 10 7 9 9 7 6 6 7 11 13 11 11 8 13 6 12 8 9 12 12 7 11 11 10 11 6 7 12 10 13 11 10 11 10 11 11 8 8 8 10 9 13 12 9 13 11 6 9 13 6 8 9 9 11 7 13 7 6 11 9 9 12 8 6 7 11 11 11 12 6 9 8 13 6 13 7 8 13 8 13 9 13 6 8 11 9 6 8 13 10 11 10 10 
-9 44 22 13 -27 36 37 25 -22 -44 29 14 -31 0 -35 -4 -20 -14 -31 44 -23 -11 -48 0 -27 19 42 -41 44 37 0 17 -27 42 -7 39 -47 -48 -29 34 -46 -10 42 -40 26 41 9 -4 -38 -7 -41 -45 8 18 -52 39 -22 -48 12 -17 -40 -8 18 31 3 -7 33 -19 40 -3 -13 0 9 11 27 -8 -9 37 25 -38 40 -15 -41 -26 29 10 -6 42 -2 12 -39 -51 8 11 -50 31 -1 -24 39 14 
11 13 7 11 13 8 12 10 9 6 7 12 12 7 10 13 13 8 13 6 9 7 8 8 9 7 7 7 9 6 7 12 10 11 9 13 10 11 12 9 10 13 8 6 8 13 9 6 6 7 8 10 11 13 8 13 9 10 7 12 7 7 12 12 7 13 8 12 10 13 8 13 11 13 10 8 9 12 13 6 9 7 6 6 12 13 9 10 13 8 12 11 13 13 10 7 10 6 7 7 
-4 -12 -10 -3 -49 -5 7 22 27 18 15 -35 -54 25 22 25 11 -18 -40 -20 -36 -39 -15 -13 36 -21 -39 -20 -41 24 -9 34 -37 -37 -11 35 -44 -13 -50 12 -10 -42 2 -36 21 -47 -7 -43 42 -44 -45 16 40 -24 -45 35 -11 18 39 -26 -22 20 7 33 -40 -18 -25 27 13 -22 -50 -8 -5 -33 -4 -26 -2 -8 -45 -46 36 -11 18 -18 -28 21 14 29 -21 19 -54 11 -45 -38 -39 29 29 -50 -19 4 
7 9 7 11 9 6 8 9 11 13 9 8 6 9 6 13 13 8 6 7 11 13 12 12 12 11 10 7 9 11 7 8 8 8 11 12 12 9 8 6 8 7 12 6 10 7 12 9 6 10 10 10 7 11 10 8 6 9 10 7 12 6 8 11 10 6 9 10 11 12 6 10 8 10 9 12 13 8 9 7 10 7 11 7 13 6 10 7 13 12 8 12 10 7 13 12 11 13 6 8 
35 -36 -31 -15 33 -17 -27 17 -34 -25 26 4 17 -17 15 21 -50 -23 -26 -36 34 13 -13 28 -18 6 20 26 32 6 -12 14 -51 29 42 16 29 -54 -25 -29 32 -7 -1 32 -46 -48 -24 -13 41 -11 5 -10 -26 -16 -46 -34 13 13 -9 -39 33 12 -26 -36 12 -5 -23 2 34 -21 4 38 8 -49 23 -14 3 -31 31 -29 -26 2 -38 -42 -4 -43 -48 -20 -40 27 -29 -2 19 -3 -42 32 -24 -7 33 24 
11 11 9 6 8 8 12 9 12 11 10 10 12 9 9 12 8 12 9 11 7 8 10 6 10 12 11 12 6 10 8 13 13 8 12 13 7 7 7 13 13 11 10 11 7 12 9 11 6 13 7 13 12 12 9 9 11 9 11 9 12 10 8 6 9 6 9 13 13 9 11 10 10 7 13 6 10 12 10 6 10 12 13 12 12 6 10 10 13 6 13 12 7 11 13 13 7 6 8 13 
36 -20 24 -48 13 10 -39 38 18 24 -24 -37 -37 31 23 -42 -5 -30 -29 23 18 -54 -51 28 30 28 -26 -17 38 12 13 -8 -12 -8 2 -44 18 42 -6 -18 40 -35 -48 13 -8 -55 6 -22 -39 38 -48 -5 20 -37 36 -20 23 31 -26 9 -48 31 -30 -55 -41 30 -24 -3 -45 -50 19 -8 2 -5 -22 13 18 -39 -29 34 -22 -55 -8 -4 38 -21 6 -34 14 31 24 -34 -3 -27 13 34 8 11 29 -8 
13 6 10 9 11 11 6 10 7 7 11 11 11 11 6 11 13 9 7 7 6 8 8 12 12 10 8 8 10 12 11 8 6 13 13 8 12 11 7 6 9 11 9 7 11 7 9 6 7 13 11 10 10 13 9 8 12 11 12 9 10 7 12 6 12 9 12 8 6 8 10 12 10 12 6 8 13 10 8 7 9 9 7 11 12 11 7 12 7 6 11 11 9 12 12 12 13 7 8 12 
-4 20 -11 1 -17 38 -52 -20 34 -5 30 0 26 36 -25 29 9 -3 -22 -39 2 -18 -24 44 -6 -9 -30 -33 1 -55 3 -4 -52 -41 -21 3 40 39 18 1 7 -32 21 8 -7 35 -51 -13 -19 -7 8 31 17 -11 -36 11 15 -54 -6 -32 38 4 -16 12 -31 -50 38 -21 -26 -14 -50 31 -34 24 19 -48 -29 35 23 -21 42 -39 15 -28 -14 -46 6 17 -20 32 -52 -18 24 -34 18 -42 15 -19 -5 -53 
8 11 10 13 6 11 9 7 10 7 7 6 12 12 9 10 13 13 8 6 12 6 8 11 10 9 13 7 8 7 7 8 7 10 7 12 8 8 10 11 13 10 6 7 7 6 11 10 10 10 12 9 6 10 13 8 8 11 7 6 8 9 11 10 12 6 11 6 13 12 7 11 7 13 6 6 7 9 11 9 9 8 10 13 8 8 11 6 9 9 7 7 9 7 8 8 6 8 6 13 
-53 2 34 -20 -15 -9 -43 -26 11 -9 -49 -41 -3 43 -18 40 -45 -48 -37 25 18 -18 17 29 -21 29 38 8 -22 -13 -6 -17 42 31 42 0 24 -47 -54 21 -15 12 -14 17 40 -24 9 20 23 32 7 -30 44 -41 -18 -29 30 -31 3 13 33 28 38 27 -44 36 33 -24 30 -40 -52 11 -32 25 -50 34 -39 -16 -41 -7 29 11 31 -36 21 12 -2 -45 23 -54 -43 -19 18 -36 44 -13 34 3 -28 10 
10 7 11 8 9 13 9 7 9 10 13 7 12 6 12 12 8 6 9 10 10 8 6 9 6 10 10 12 11 6 11 6 13 9 6 7 10 11 13 11 10 9 8 12 8 10 7 9 6 7 7 7 8 7 11 7 8 9 13 8 10 11 13 7 8 10 9 12 9 11 6 6 13 10 6 9 12 9 10 8 8 12 9 6 8 10 10 9 7 6 7 9 12 6 11 13 11 12 13 7 
-21 19 40 -32 41 24 33 38 -46 14 19 10 1 -49 -1 -10 -4 -47 30 -7 -49 -8 26 21 9 -24 -25 -13 -35 -48 12 31 19 36 28 1 -48 1 -12 9 8 -29 33 -13 -21 -41 -53 22 -10 38 -20 -15 -54 0 -3 -6 29 -31 40 23 12 34 9 -45 -47 -53 30 26 -6 -53 -7 3 -43 39 3 -3 41 -40 -21 -49 5 35 7 -43 4 -42 15 16 0 -19 36 21 27 35 35 21 39 26 37 -9 
6 8 6 11 10 10 9 13 8 12 9 9 10 7 13 9 8 11 8 7 12 9 13 9 8 8 10 10 12 6 7 11 12 10 8 10 9 8 9 10 7 12 10 11 7 10 12 11 6 13 11 13 6 7 12 10 11 9 8 13 8 11 10 10 11 6 13 10 7 8 9 8 9 8 8 8 13 10 12 9 9 13 12 8 10 11 7 7 6 9 8 6 10 9 10 9 13 12 13 9 
-5 38 -36 -17 -34 38 -6 10 -21 -6 37 -31 -50 6 -13 30 -39 30 0 33 -11 25 -54 16 -16 -2 -26 1 4 18 -10 28 15 31 35 23 1 29 -31 -33 36 -40 29 17 -18 29 -23 -43 16 28 26 -30 28 -11 -21 17 36 -3 -35 42 41 7 -25 -27 -17 -8 38 -7 -17 8 -12 -41 -43 -6 -18 41 4 2 -6 -55 6 -55 28 -21 12 -39 -13 -3 -20 -35 -14 -30 29 -22 14 -27 -3 15 -15 13 
11 12 6 10 8 11 13 9 12 6 11 13 11 10 6 11 12 9 10 9 11 7 9 11 8 12 13 11 8 11 12 10 10 11 10 10 12 11 13 7 6 11 13 6 7 8 11 11 8 9 12 9 6 8 13 6 12 11 9 13 8 12 9 8 12 13 12 13 8 8 7 8 6 6 6 10 6 6 11 9 12 8 6 8 6 10 7 8 10 12 8 6 8 7 6 7 11 11 9 10 
-43 -8 -35 0 19 1 0 6 8 -27 -54 -45 14 -26 33 -40 31 -23 13 -48 -43 -27 29 -53 -27 -39 -34 31 -47 12 -49 -36 39 19 26 -20 -9 27 10 19 1 32 -38 3 -26 37 16 23 -55 1 21 25 43 -19 -43 -18 43 -38 -6 -19 -4 -22 38 42 -41 -18 -4 12 -23 -49 -46 16 41 -42 -39 -47 -50 12 -12 -51 -12 37 12 13 15 -53 3 -4 36 -49 -22 -44 35 24 5 -10 -20 -17 0 11 
11 10 10 7 9 7 8 13 11 11 6 10 9 12 12 10 7 8 6 8 13 11 6 9 7 10 6 13 7 9 7 10 9 10 12 9 8 7 10 13 7 10 12 9 11 10 9 9 7 9 9 11 7 13 9 7 10 11 11 6 10 10 10 7 13 7 12 8 9 13 8 10 11 8 10 13 9 10 12 7 9 13 8 7 9 9 12 6 9 9 12 9 6 9 6 8 8 11 10 10 

