2000
464155
855821
782287
119184
297745
358421
348783
784525
413790
882752
166853
563142
479356
920992
462860
557375
843271
622018
491217
606304
446669
410696
491021
227508
60727
222859
356022
207587
19783
15159
938891
289
870979
721177
119472
685076
595950
984606
985952
9739
383709
152804
89232
863064
590147
68443
936790
949770
690460
428006
556073
653480
355053
47093
880987
415780
786303
753361
623366
322437
768519
78608
322725
155850
799785
958548
840925
912086
943154
826876
438176
326862
496032
527408
189926
602530
112202
643067
552299
319014
71073
624723
972493
426125
671815
853480
841904
974470
123192
981622
296906
408062
60229
619631
563911
376365
578178
921187
288450
37683
748063
726626
364545
760446
770385
70822
362975
882586
713888
431626
201599
784960
56348
174092
727437
244515
543923
85692
218984
183466
583665
515889
591527
160246
651871
155438
536610
230049
76624
341412
267731
341038
584389
148627
617835
354773
219448
980810
753710
449688
412435
955309
750999
985134
645752
478435
229648
706026
80479
448631
889491
664143
480872
481017
824388
132742
152806
877350
879142
745782
218761
663225
86819
803149
811851
704654
674273
31299
201815
427982
480986
130601
899642
231984
115734
61745
226771
861734
767770
307249
310364
173612
487743
307587
170981
828483
440329
840138
705832
835822
585919
440944
499046
189090
760444
310897
410095
434716
858547
611909
862697
855884
258861
278691
604219
890946
340435
347341
752679
624557
654589
579395
798168
658684
886981
485500
3518
843661
325638
225701
195835
911556
666644
694880
100645
943439
522128
510739
378154
380674
638999
757202
752909
897859
552244
357128
788805
892679
704468
57835
517235
875409
637229
831754
50444
40562
317254
53961
400574
642891
279661
596408
70798
462656
291288
171443
406094
813415
198533
300599
710441
837532
574152
463349
251742
126396
336828
556898
19074
557648
614733
52660
433056
768313
884413
999851
808874
201666
53811
209448
360908
849823
322207
431706
312478
129846
119500
718571
459613
318032
535521
170053
671915
109672
149753
923657
236067
2933
480554
771492
560580
611638
824151
509987
379951
708564
509837
705176
426581
563647
914623
303841
413469
753182
735546
242298
883027
855045
477220
342639
689428
12740
512691
361343
122411
178796
284999
874830
181728
281904
646321
258659
893542
470472
768645
789844
695387
278481
495019
638319
358479
925994
942159
288299
679175
194056
530596
562201
49100
524167
904840
738528
536906
933882
616222
659316
112677
417572
50497
810756
699475
696818
585766
109368
683641
354410
899211
895379
149242
394230
533697
24072
836575
992208
828722
515749
186263
875669
77949
751715
399835
499140
6594
936740
433022
622815
112408
62050
40386
162904
389158
256212
859721
974923
365580
59713
845685
781142
955091
994926
691723
5140
18998
528297
997347
364071
44045
183609
239740
638346
451675
639574
137485
458268
576314
86858
81082
688721
148908
637819
367976
54417
894031
227697
29339
775962
803761
875023
557103
758852
386301
765178
763991
921650
293474
277689
285720
853871
977649
525459
492216
429324
165033
146052
887591
257698
232910
485025
462770
898169
639195
830745
952585
49577
574793
498275
825538
378554
889650
898993
653757
275950
664170
417747
713951
957643
211787
999670
811513
189435
525129
820080
618758
206513
966132
22701
464210
715393
24077
926979
613561
663271
274075
82497
229200
848868
97123
54737
743773
986772
470081
397529
779073
134250
331627
493023
608245
543413
9045
936109
732847
534173
756189
867957
257037
722320
890657
721246
437712
431085
164576
567624
610707
955002
650120
839906
803869
263594
410995
63993
250366
881075
461521
545790
15325
793147
555165
139921
336559
564209
76029
585758
98381
832217
453714
871769
70888
860722
109366
24951
291806
790293
592574
418864
745294
759045
258770
65515
22639
186116
129507
789356
67190
591028
851497
598866
900526
406661
738786
237085
970869
814815
822842
585601
163383
792907
457369
750623
653628
566734
775573
461785
357026
884499
397000
618672
643543
655769
684186
182533
841884
813692
488240
425426
921071
856089
24291
821597
262749
279429
575033
749970
94243
914226
335570
773977
223484
309291
524599
877111
392376
300172
855247
265754
184670
252246
884425
344564
424367
568610
43449
782602
898653
48040
208027
336076
904128
748670
674024
683229
28098
249056
433198
638692
679633
285119
412668
903116
110761
937267
296578
503137
753790
668176
285242
454811
920421
169666
315726
861139
254627
875526
643741
153279
923566
368119
5706
344045
116788
679729
27273
661237
445136
976822
299928
124768
261941
228948
544235
889053
682566
357164
392189
436355
25339
677430
407517
945760
363447
239594
806898
618073
115120
966990
287704
555037
851461
809761
899081
484600
489490
442706
145837
934625
419527
962116
575745
197819
191063
636331
86872
873628
993495
995412
826334
18833
189194
750202
480944
552640
989796
804194
687065
621267
771183
974768
176303
138995
784528
75383
623595
790369
34440
285783
241346
453967
247898
333442
168137
955313
969772
255008
828940
479618
250420
171626
14803
439613
438179
495746
508604
427974
299939
195668
49240
587474
686787
741894
726468
987667
333629
866414
778035
368068
152196
19380
338386
916446
869173
506523
871758
355297
761530
217049
834914
528301
905026
849716
967913
343205
345462
476517
287530
161752
188536
336770
749225
875323
595015
992045
862989
928643
374810
641023
813063
527006
176755
151448
443451
562279
657970
831560
917575
935852
48608
752489
464152
953634
118556
948417
813190
980369
941285
100719
142121
129820
953840
407697
5142
548855
916093
384482
477497
290903
541857
290559
334260
718611
958359
294062
797241
616328
125621
714816
552179
690580
983656
532683
644213
102211
481099
457402
598932
422383
74473
257404
552202
28312
181452
73696
577166
97545
458177
571015
904799
33
377925
239058
234995
336283
533119
32236
468963
175091
747051
537493
865670
730706
70175
26235
349268
551273
483636
464551
490007
74460
721954
42209
102772
903406
115904
679937
517302
90432
767303
938452
90465
145228
177509
325459
997862
226979
357694
983176
402069
104744
520669
267738
351801
107195
293972
701069
174820
293960
681971
664826
368419
403925
223386
471190
823682
855641
667479
857335
946073
951133
795786
36537
96360
489646
361995
610574
716624
719689
593749
118692
340784
630769
902781
692585
254316
196753
910005
429135
7064
591975
610312
375482
512251
833698
363024
335932
205690
30502
709618
151762
981634
505403
188298
594346
995048
66645
721271
228023
302685
831371
346714
159820
978492
765847
852404
232807
962599
278760
178293
969662
387087
788604
861495
899337
138653
224518
751621
344343
771371
977590
496104
269357
482993
200754
380054
994392
783750
617676
222415
602786
449046
85480
762605
943889
851326
615009
176695
330276
410120
354987
816289
797206
659943
677784
212895
798595
418653
480867
142937
706376
458456
155393
492084
457800
872498
388489
968544
656247
6164
190958
259032
971561
792789
21636
915450
160467
152996
608496
490742
563116
963483
823383
876673
623425
17518
605919
938371
436170
603137
81308
658897
577945
236700
667332
35744
109197
55820
4287
281795
578335
711596
540826
549896
20737
78813
981697
181203
231809
590192
671944
311276
70026
495326
704300
693450
512843
826571
148173
465365
429707
229480
640613
7651
982531
307945
559747
608079
880116
80385
889873
458451
308333
947050
8346
329069
542214
990042
510271
290374
96585
698566
118001
166611
710244
338653
376412
739438
165223
524584
721154
111281
754063
361767
635284
252945
186063
711382
377375
66178
791766
783599
524628
100098
730648
49325
945518
789214
555718
455788
79587
652303
670706
197588
818913
380949
536240
195324
120386
217814
719908
841540
329094
990322
719658
480729
243267
422072
192110
136993
488249
983876
920592
529229
600325
167591
578553
545843
956804
134271
517982
552743
786573
188687
750330
121837
569635
802921
317160
206373
537086
37067
564264
382531
543741
283921
863260
303359
705992
571721
440351
710592
555596
360942
239820
672273
528533
334725
734467
485336
468995
252448
38078
771919
441135
304759
893755
527121
624031
210914
733493
677468
764333
297756
59999
824425
98028
439610
127783
320371
11330
568133
547315
83278
445427
787134
755550
973959
121858
6368
975646
107204
258815
530076
879122
216301
351186
289228
743422
491569
16494
476914
169036
780826
291022
745386
121602
905401
184995
249384
742124
712677
333868
289438
795954
779294
592923
67855
269604
231133
74222
761602
854688
849388
808029
250162
65689
159214
539389
809110
167134
555882
802375
336170
853059
609748
597907
974660
31501
299254
740395
773624
11930
74263
579413
807883
369908
172335
392089
155864
919819
982662
433817
774507
832049
241845
24668
414089
917410
80408
739550
84544
152642
541925
937065
522052
668024
51323
496712
699524
350576
753458
989499
362505
344072
568911
686739
713980
257598
595179
386195
693768
577840
820011
468274
926241
578207
9293
340329
495616
606053
79879
96511
758694
138155
549927
280745
322530
601250
293808
22054
951825
47266
11552
314330
391337
96815
517420
621668
354412
112599
7862
564531
690438
344224
32805
133030
922430
558449
473359
934398
164501
69589
547260
439546
724095
97187
720291
46624
698436
14098
585029
166612
577715
112933
480941
485404
726099
998361
107071
596862
627311
631285
161392
317748
491860
194196
967130
930642
268997
440488
865039
949849
26428
412298
389395
266874
25836
109685
313497
724271
640134
414878
890883
734201
527810
888175
219604
770260
402887
326674
367121
30197
474310
528512
864297
966170
239060
831426
896811
508056
788265
761849
457904
331044
690498
363650
597917
716334
473334
427765
956956
629820
842642
364190
364020
886803
252365
99975
657062
171603
426648
24182
718152
417310
552694
582448
383479
308105
930225
280289
816160
234841
558489
790415
565884
765338
154065
680152
998023
143750
107916
954979
289921
950558
835520
653940
353712
604236
270266
527126
775839
696914
551307
10342
114223
620352
109141
14053
928456
39365
294341
260967
790557
369181
51382
872792
650870
721798
552943
648893
865547
660858
120223
155468
127767
955742
325759
997831
76330
596025
524956
368520
809290
592614
378861
439864
212966
488001
453916
657773
43717
264608
918740
834273
150140
486473
707064
801009
208270
776358
449901
73816
953567
86475
745635
597686
42217
71394
595516
634898
183770
120471
3417
993059
713084
382277
432922
442401
870277
403189
616526
913993
667796
535265
264617
817935
538089
488032
618943
746358
264389
585196
336525
734307
671670
82160
331992
230238
669905
927507
865135
853674
564329
868551
846732
277413
767179
796005
236165
637455
199193
852690
67799
383340
904306
848767
201274
442394
336798
336568
188751
117538
438115
525276
851845
626137
123787
700188
856374
793691
627695
237861
647364
192023
622763
10447
985787
389942
322803
738304
543748
38347
590993
127899
421686
11651
976665
139311
454044
829815
475878
159147
947352
430345
200774
315548
56481
324560
15736
429206
634602
159782
183418
798317
868156
322533
325115
370295
228826
647917
108598
772573
686263
215942
416823
107948
227592
393488
763610
197988
739654
239487
357134
203357
186183
557907
35257
242663
398818
567344
188221
33419
727125
371638
831735
595280
694170
156849
965574
922995
321117
590523
211920
7379
806465
145094
631678
550408
54933
395287
748395
794586
151125
105528
997943
337308
179786
33199
96322
578603
116894
800894
612021
844018
172532
960107
955649
383053
633307
437575
822400
954423
28097
550671
478153
350913
695764
626182
901321
750697
537820
649715
545282
688945
271595
59576
542604
451380
609126
155277
29983
726019
956171
158355
86388
645054
634814
42037
28106
268120
995963
366857
738895
24059
917527
733399
891324
613291
359581
792644
880339
897400
958710
941972
102696
230304
1548
645299
681684
127025
316928
228018
369396
273098
386372
455783
918151
537537
14171
462608
805657
10133
829465
60903
550544
263343
310653
441867
876633
670233
234510
756971
83985
709571
215295
703032
939875
733194
864683
621558
860218
181610
849575
745965
971059
752298
718100
889209
289835
732270
868168
611843
258755
213984
189097
325650
477327
499749
767516
353959
686334
518377
627282
286670
227947
842576
989701
684173
92121
854383
305730
952338
35992
671656
698303
7050
940306
932754
412610
230140
665023
797130
358334
440129
11113
547430
765778
488439
563530
49645
358750
249863
84373
986031
536532
312320
344958
42585
996492
437078
896967
818574
905767
449311
6581
120421
972712
946886
53174
901674
693377
234549
698803
51710
674677
709915
115491
956807
198354
679021
6451
557103
445235
90824
59485
981767
919495
920794
24351
432338
874223
437669
250911
779989
886979
773844
416762
376043
720729
469935
277716
414106
220835
492870
982167
411864
202784
97658
368670
917489
293030
891472
474591
738264
498647
50427
236382
418141
971220
260732
366831
361794
214753
617741
141783
618083
391584
74896
994125
628665
61182
788192
559122
282017
281061
541288
693880
483845
155297
578901
917685
448326
986724
908628
702942
485371
959054
939323
419863
446626
200055
786693
808419
931159
404434
466553
549241
312369
57800
543366
457385
118982
847909
16506
400998
128970
557794
611229
129166
229442
706481
46850
677768
693204
955477
380709
178574
430883
836383
598437
393860
36437
385129
718630
483947
305914
701535
33188
134635
759334
92905
592019
878315
940813
608525
795664
69782
682670
923244
715299
912111
629724
278501
106230
839280
750329
486938
534205
181211
839673
132641
91422
876109
34122
326404
876408
856387
27938
909595
991021
787271
2499
99392
181938
459663
224268
977601
45797
906937
417197
761095
819047
563272
555947
925277
402551
306276
928566
936756
3838
768238
585748
95260
160699
136221
421663
37106
992608
965952
463052
499980
753222
981902
115723
451511
441564
339990
429112
3712
246926
362660
281159
582325
925931
837105
23953
328482
143380
952518
781589
147218
237108
367336
758829
