100
2 99.9994 33.9204
0.0006 33.9204
99.9996 66.6317
2 0.0004 86.7305
99.9990 86.7305
99.9999 67.6648
2 100.0000 88.3983
0.0001 88.3983
99.9999 88.3984
1 11.9375 52.6485
39.0570 19.9481
2 100.0000 37.5251
0.0011 37.5251
99.9995 47.4943
2 0.0005 32.9402
0.0011 14.5816
0.0003 32.9402
2 30.1965 79.3322
30.2585 79.3322
62.4017 79.3322
2 99.9995 22.4674
12.5866 3.8445
99.9995 41.0902
2 100.0000 44.7203
58.6693 50.8679
86.2535 38.5727
2 0.0002 36.6552
0.0001 36.6552
100.0000 88.7920
1 2.5492 0.1000
10.2975 22.3933
2 99.9997 6.6047
99.9992 6.5952
0.0002 59.7611
2 24.6175 19.5215
60.6103 19.5208
90.2845 12.9092
2 30.0000 65.4321
0.0001 50.0000
100.0000 99.9000
2 0.0001 0.1000
0.0001 0.1002
0.0001 0.1001
2 0.0001 0.1001
0.0001 0.1000
0.0001 0.1003
2 0.0001 77.2831
0.0001 97.3911
0.0001 57.1751
2 99.9997 46.9489
0.0008 50.2149
0.0004 46.8870
1 10.0000 50.0000
0.2000 50.0000
2 0.0001 48.9340
66.2855 8.8794
23.2665 88.9885
2 99.9995 28.7422
80.3785 0.1692
99.9999 28.7422
2 0.0008 69.3041
99.9992 60.1509
99.9994 78.4573
2 0.0008 73.0161
0.0009 73.1053
0.0002 43.8522
2 0.0003 15.8417
99.9996 11.6480
0.0004 15.8417
2 99.9996 12.6817
0.0006 12.6828
99.9995 26.5783
2 0.0011 54.4297
0.0008 54.4959
99.9996 1.1536
2 99.9991 56.1541
99.9996 56.5208
99.9992 31.9492
2 99.9994 70.4594
0.0001 45.5057
0.0010 95.4130
2 0.0005 42.2988
99.9996 42.2988
99.9993 70.8519
2 99.9998 23.6290
0.0009 65.4854
0.0003 23.6290
2 100.0000 75.6127
70.0263 75.6127
27.0364 27.7990
2 0.0011 38.3088
99.9997 0.5412
0.0005 76.0764
2 99.9998 26.1151
99.9991 26.1151
99.9991 37.4432
2 99.9993 52.2906
0.0007 52.2906
0.0011 26.3447
1 69.5445 43.9642
7.6574 44.9669
2 0.0002 75.9623
0.0004 75.9623
99.9994 32.3316
2 59.1081 96.8236
85.9566 98.5488
45.9915 93.5993
1 27.2697 86.2139
34.0055 86.2139
2 0.0004 80.4672
99.9999 80.3626
99.9994 96.2026
2 99.9993 98.6070
0.0003 62.1607
0.0010 99.2321
2 99.9990 27.1077
0.0007 27.1077
99.9998 3.3293
2 0.0010 19.0731
0.0009 19.0731
0.0004 51.4111
2 99.9992 39.0792
99.9999 70.2296
99.9995 39.0792
2 0.0009 56.0038
0.0008 17.1152
0.0008 94.8923
2 99.9991 92.5294
99.9990 92.5287
95.1199 91.9927
2 99.9998 25.2594
0.0004 23.2046
99.9995 25.2594
2 41.1222 1.8555
28.0829 98.5607
93.4887 1.8565
2 99.9998 41.9630
0.0003 47.5467
82.9191 41.9176
2 0.0003 23.3241
99.9992 40.4830
99.9993 23.3241
2 0.0004 78.9011
99.9996 78.7932
0.0010 79.2836
2 99.9998 99.0569
0.0002 26.5748
99.9992 99.0569
2 37.5824 71.2155
99.9999 71.2155
100.0000 71.2155
2 99.9996 71.7301
99.9994 77.2956
99.9995 71.7301
2 99.9992 51.0731
99.9998 51.2484
99.9998 13.5369
2 51.0973 9.7691
0.0006 1.0487
99.9992 9.7692
2 0.0006 27.8800
99.9991 22.1079
99.9991 28.1596
2 0.0008 84.2159
0.0005 44.1951
0.0010 84.9556
2 0.0008 91.3908
0.0005 87.4843
99.9999 91.6352
2 0.0003 27.0804
0.0006 82.2776
8.0033 27.0804
2 100.0000 65.1586
0.0001 65.1587
99.9999 65.1586
2 99.4808 76.9326
99.9999 76.9326
100.0000 76.9326
2 99.9997 81.2652
99.9996 7.5772
99.9997 81.2652
2 0.0010 88.2291
0.0006 37.0850
0.0006 88.9347
1 92.4942 54.7144
92.1492 54.7144
2 0.0008 48.7575
0.0001 53.0323
66.1119 48.7575
2 99.9997 10.0291
99.9994 72.3490
99.9993 10.0174
2 0.0007 70.1426
0.0010 90.4264
0.0003 70.1426
2 100.0000 45.3292
0.0002 45.3292
99.9998 13.7567
2 64.9977 95.3276
96.1052 99.2700
93.2036 91.2625
2 99.9990 42.7438
53.9103 34.9007
99.9990 50.5869
2 99.9991 98.6101
0.0003 35.7684
99.9996 98.8394
2 99.9996 46.7216
99.9996 46.7216
57.1203 93.3713
2 0.0006 54.2393
38.3603 57.0842
99.9990 54.1735
2 99.9992 97.5560
99.9997 97.5560
0.0010 10.3763
1 39.7263 0.1000
52.4457 0.1000
2 10.5548 99.9000
19.2992 95.0436
96.1632 95.4609
2 5.0000 99.9000
30.0000 99.8999
20.0000 99.7000
2 99.9997 38.5988
0.0005 38.5988
0.0011 12.9281
2 66.8491 99.9000
79.2505 43.5144
7.5340 99.9000
2 0.0010 87.4253
94.5980 72.4423
0.0006 87.4253
2 26.3359 1.2250
0.0002 1.2250
0.0001 1.2250
2 0.0008 32.1262
0.0008 32.0875
0.0006 60.3282
2 5.7604 99.9000
23.8652 34.0917
35.3356 99.9000
2 100.0000 26.7722
0.0006 26.7381
0.0007 89.0631
2 100.0000 65.1587
0.0001 65.1587
99.9999 65.1586
2 99.9991 27.0562
99.9997 31.4438
99.9991 22.6685
1 77.2739 73.5076
74.5164 73.5073
2 0.0005 71.3775
0.0009 71.3775
0.0005 39.2115
2 100.0000 88.3984
99.9999 88.3984
0.0001 88.3983
2 99.9998 44.9488
0.0006 1.6677
99.9997 44.9488
2 0.0005 29.0125
26.7980 12.1838
99.9999 45.8412
2 0.0005 64.3897
99.9998 64.3897
0.0007 60.6776
2 0.0005 94.0871
99.9991 34.3531
0.0004 94.0871
2 99.9998 77.2005
0.0002 11.2526
99.9996 77.3467
2 43.0192 86.6982
80.4425 86.6982
20.5987 86.6982
2 86.4629 40.7050
98.8525 82.3828
84.2715 82.3828
2 99.9990 13.2473
0.0009 23.4730
99.9992 3.0217
2 99.9997 26.0072
0.0011 99.3935
99.9995 26.0072
2 94.4007 21.6035
55.7043 58.7640
72.8391 64.7851
2 0.0008 1.6876
0.0005 1.6857
0.0009 46.1378
