3
3 2
5 6 7
8 2
238 153 223 247 111 252 253 247
40 10
1143632830316675007 558164877202423550 1152356080752164603 1143911006781551605 1132655005501751263
1152919305583327167 1141662230660382702 862439259920596463 1151777428397603327 1008771132016295871
855666336963428351 1151795583225167807 1152634943314572791 1071856693060561407 1132650872803426303
1124211056982081471 1152917106425982911 1152815392070041535 1080863910568853481 288230371856350975
1080720560532488126 864686455262281727 576460673919991167 574191342855241589 1152233760050118651
1152921504605798263 1152912708241186815 1079738008506187487 1075796261476483027 1080854478820730879
1152885219917823999 1151725162940854259 1147529498501577715 571956602920235519 1134545630643616248
1152921218991521790 1152921496000052703 1142788250826440703 1151654831778151421 1152780747522637695
