2 1
1 2 0 10
5 5
1 2 1 0
1 3 1 10
2 3 0 20
3 4 0 30
4 2 1 40

2 1
1 2 0 10
5 5
1 2 1 0
1 3 1 10
2 3 0 20
3 4 0 30
4 2 1 40

2 1
1 2 0 10
5 5
1 2 1 0
1 3 1 10
2 3 0 20
3 4 0 30
4 2 1 40

2 1
1 2 0 10
5 5
1 2 1 0
1 3 1 10
2 3 0 20
3 4 0 30
4 2 1 40

2 1
1 2 0 10
5 5
1 2 1 0
1 3 1 10
2 3 0 20
3 4 0 30
4 2 1 40

2 1
1 2 0 10
5 5
1 2 1 0
1 3 1 10
2 3 0 20
3 4 0 30
4 2 1 40

2 1
1 2 0 10
5 5
1 2 1 0
1 3 1 10
2 3 0 20
3 4 0 30
4 2 1 40

2 1
1 2 0 10
5 5
1 2 1 0
1 3 1 10
2 3 0 20
3 4 0 30
4 2 1 40

2 1
1 2 0 10
5 5
1 2 1 0
1 3 1 10
2 3 0 20
3 4 0 30
4 2 1 40

2 1
1 2 0 10
5 5
1 2 1 0
1 3 1 10
2 3 0 20
3 4 0 30
4 2 1 40

2 1
1 2 0 10
5 5
1 2 1 0
1 3 1 10
2 3 0 20
3 4 0 30
4 2 1 40

2 1
1 2 0 10
5 5
1 2 1 0
1 3 1 10
2 3 0 20
3 4 0 30
4 2 1 40

2 1
1 2 0 10
5 5
1 2 1 0
1 3 1 10
2 3 0 20
3 4 0 30
4 2 1 40

2 1
1 2 0 10
5 5
1 2 1 0
1 3 1 10
2 3 0 20
3 4 0 30
4 2 1 40

2 1
1 2 0 10
5 5
1 2 1 0
1 3 1 10
2 3 0 20
3 4 0 30
4 2 1 40

2 1
1 2 0 10
5 5
1 2 1 0
1 3 1 10
2 3 0 20
3 4 0 30
4 2 1 40

2 1
1 2 0 10
5 5
1 2 1 0
1 3 1 10
2 3 0 20
3 4 0 30
4 2 1 40

2 1
1 2 0 10
5 5
1 2 1 0
1 3 1 10
2 3 0 20
3 4 0 30
4 2 1 40

2 1
1 2 0 10
5 5
1 2 1 0
1 3 1 10
2 3 0 20
3 4 0 30
4 2 1 40

2 1
1 2 0 10
5 5
1 2 1 0
1 3 1 10
2 3 0 20
3 4 0 30
4 2 1 40

2 1
1 2 0 10
5 5
1 2 1 0
1 3 1 10
2 3 0 20
3 4 0 30
4 2 1 40

2 1
1 2 0 10
5 5
1 2 1 0
1 3 1 10
2 3 0 20
3 4 0 30
4 2 1 40

2 1
1 2 0 10
5 5
1 2 1 0
1 3 1 10
2 3 0 20
3 4 0 30
4 2 1 40

2 1
1 2 0 10
5 5
1 2 1 0
1 3 1 10
2 3 0 20
3 4 0 30
4 2 1 40

2 1
1 2 0 10
5 5
1 2 1 0
1 3 1 10
2 3 0 20
3 4 0 30
4 2 1 40

2 1
1 2 0 10
5 5
1 2 1 0
1 3 1 10
2 3 0 20
3 4 0 30
4 2 1 40

2 1
1 2 0 10
5 5
1 2 1 0
1 3 1 10
2 3 0 20
3 4 0 30
4 2 1 40

2 1
1 2 0 10
5 5
1 2 1 0
1 3 1 10
2 3 0 20
3 4 0 30
4 2 1 40

2 1
1 2 0 10
5 5
1 2 1 0
1 3 1 10
2 3 0 20
3 4 0 30
4 2 1 40


